Chr	Target.Start	Target.End	NumberOfTargets	OriStCoordinate	OriEndCoordinate	CBS.Mean	LogRatios	Above.PValues.Cutoff	Calls
chr1	1	60	60	1508983	43815063	-0.1346	-0.134632773919435	0	No
chr1	61	84	24	43817887	46743975	0.1689	0.168866527450813	0	No
chr1	85	119	35	48012653	97915702	-0.2123	-0.212314301045757	0	No
chr1	120	147	28	97981294	118501113	-0.5237	-0.523709794491334	0	No
chr1	148	179	32	120075569	120539982	0.1022	0.102151260407628	0	No
chr1	180	301	122	120547898	185089417	0.6968	0.696752507399949	0	No
chr1	302	347	46	185089478	204495600	0.394	0.394039383690456	0	No
chr1	348	393	46	204499759	213032563	0.8633	0.863326667753859	0	No
chr1	394	441	48	213037019	249066411	0.5058	0.505786458731679	0	No
chr10	442	471	30	1500941	4504159	-0.5266	-0.526609186697537	0	No
chr10	472	491	19	6014160	27009308	-0.9191	-0.919064048164906	0	No
chr10	492	530	39	27012688	47048475	-0.4998	-0.499818813280393	0	No
chr10	531	532	2	48316920	49514091	-1.9711	-1.97106471016605	0	No
chr10	533	606	74	50666810	96818190	-0.6506	-0.650644750977836	0	No
chr10	607	665	59	96826929	112679936	-0.3584	-0.358422658203861	0	No
chr10	666	689	24	112711355	120000905	-0.7407	-0.740685476154263	0	No
chr10	690	714	25	121543275	127515278	-0.5011	-0.501081103373986	0	No
chr10	715	725	11	127516100	135030897	-0.8251	-0.825107772826318	0	No
chr11	726	732	7	532585	534731	0.0955	0.0955082356426622	0	No
chr11	733	808	76	1519567	47236850	-0.457	-0.45701235951586	0	No
chr11	809	943	135	47237835	93027471	-0.2243	-0.224322613296161	0	No
chr11	944	1039	96	94153219	108224641	-0.6406	-0.640560908196312	0	No
chr11	1040	1113	74	108225469	133715385	-0.3456	-0.345554728817796	0	No
chr12	1114	1243	130	1022487	51207287	0.0324	0.0324305707239936	0	No
chr12	1244	1275	32	51207608	53687288	0.4297	0.429686299600323	0	No
chr12	1276	1290	15	54019748	55500434	0.0167	0.0167022856024157	0	No
chr12	1291	1332	42	56212737	58145530	0.3658	0.365803201122404	0	No
chr12	1333	1425	93	58519969	115503264	0.1017	0.101715511830332	0	No
chr12	1426	1436	11	117008599	117680555	0.4124	0.412409609878659	0	No
chr12	1437	1456	20	117681053	120001294	0.1601	0.160050106699937	0	No
chr12	1457	1466	10	121416520	121439023	0.5689	0.568939276873175	0	No
chr12	1467	1496	30	121506081	132049339	0.1258	0.125803876009487	0	No
chr12	1497	1546	50	133201234	133501817	0.3958	0.395841468958606	0	No
chr13	1547	1694	148	19523245	48919369	-0.491	-0.491036129852878	0.00675675675675676	No
chr13	1695	1707	13	48921880	48955618	-0.9948	-0.99481248340872	0	No
chr13	1708	1790	83	49027075	114011202	-0.5429	-0.542857151133532	0	No
chr14	1791	1794	4	19220934	19264661	-0.0368	-0.03682365221463	0	No
chr14	1795	1803	9	20224281	20400682	-1.3081	-1.30807873744901	0	No
chr14	1804	1832	29	21014704	37500918	0.1816	0.181596111252923	0	No
chr14	1833	1910	78	39060993	68353936	-0.2703	-0.270331076298917	0	No
chr14	1911	2025	115	68758551	106509428	0.1617	0.161677893809278	0	No
chr15	2026	2038	13	20197802	22330459	0.1074	-0.057314383340202	0	No
chr15	2039	2307	269	22772275	102006022	0.4183	0.418302575920484	0	No
chr16	2308	2310	3	1521578	1823877	0.455	0.45502468023634	0	No
chr16	2311	2346	36	1824209	2126622	0.1839	0.183926948310331	0	No
chr16	2347	2367	21	2127545	2611945	0.4641	0.464110864189617	0.0476190476190476	No
chr16	2368	2378	11	2615505	3016018	-0.0975	-0.0974528998038222	0	No
chr16	2379	2397	19	3632296	3781464	0.345	0.344951816698217	0	No
chr16	2398	2489	92	3781724	28548428	0.0057	0.00571763827471791	0	No
chr16	2490	2506	17	28617402	31199705	0.359	0.358987960897266	0	No
chr16	2507	2530	24	31526708	64512657	-0.2836	-0.283573746285392	0	No
chr16	2531	2630	100	66019361	90019692	0.0876	0.0876046569209604	0	No
chr17	2631	2702	72	1566340	21005537	-0.1145	-0.114474380396953	0.0138888888888889	No
chr17	2703	2717	15	25324458	27039616	0.85	0.849960450345681	0	No
chr17	2718	2798	81	28510479	36003044	0.5095	0.509466764885731	0	No
chr17	2799	2846	48	37556781	41247986	0.8017	0.801735144129533	0	No
chr17	2847	2857	11	41249186	41332865	0.1745	0.174468132060575	0	No
chr17	2858	2895	38	41338215	56772580	0.6908	0.690833414593797	0	No
chr17	2896	2924	29	56774006	60017738	0.3958	0.395757438819783	0	No
chr17	2925	2998	74	61502395	81004900	0.7125	0.712545378503482	0	No
chr18	2999	3015	17	657550	20526516	-0.6038	-0.603796778505601	0	No
chr18	3016	3031	16	20529561	20606240	-1.0773	-1.07726346376532	0	No
chr18	3032	3162	131	21032211	78001597	-0.465	-0.46500997111918	0	No
chr19	3163	3215	53	1206871	10503230	0.1364	0.136364781561164	0	No
chr19	3216	3369	154	10597274	17946898	0.2879	0.287872081991145	0.00649350649350649	No
chr19	3370	3545	176	17947879	58508575	0.038	0.0379698693291522	0	No
chr2	3546	3582	37	1520801	25509997	0.1155	0.115482447761522	0	No
chr2	3583	3614	32	27020642	30143557	0.5446	0.54460678535548	0	No
chr2	3615	3735	121	31502362	84011488	0.1694	0.169393472855608	0	No
chr2	3736	3770	35	85509576	86332947	0.5849	0.584916779220613	0	No
chr2	3771	3784	14	88300866	100516183	0.0911	0.0911131471263716	0	No
chr2	3785	3792	8	102010548	112641815	-0.2907	-0.29067024001521	0	No
chr2	3793	3811	19	113300021	118504070	0.038	0.0379969622254519	0	No
chr2	3812	4001	190	120014581	199510550	-0.3471	-0.347104367926554	0	No
chr2	4002	4090	89	201017831	241713700	0.1384	0.138404769404323	0	No
chr20	4091	4210	120	1515184	61502452	0.4827	0.482665982752613	0	No
chr21	4211	4253	43	9518301	48028899	0.4362	0.436243358781787	0	No
chr22	4254	4419	165	17100868	51013042	0.6245	0.624466863583851	0	No
chr3	4420	4425	6	1511087	9005631	0.089	0.0889828499730989	0	No
chr3	4426	4722	297	9791922	73515730	0.3926	0.392637772921815	0	No
chr3	4723	4848	126	75016392	196502233	0.2062	0.206218002682267	0	No
chr4	4849	4862	14	891852	1360253	-0.0496	-0.0496098800503392	0	No
chr4	4863	4886	24	1369102	1809016	0.2362	0.236176169265164	0	No
chr4	4887	4922	36	3000563	52708672	-0.2253	-0.258312990553582	0	No
chr4	4923	4999	77	52708837	57019825	0.0029	0.00289719016544354	0	No
chr4	5000	5173	174	58507635	190505304	-0.2123	-0.220089307178891	0	No
chr5	5174	5209	35	1253849	9012182	-0.404	-0.404042053680903	0	No
chr5	5210	5269	60	10545485	42002945	-0.7087	-0.708708610427305	0	No
chr5	5270	5500	231	43509339	141018875	-0.3752	-0.375178783809278	0	No
chr5	5501	5555	55	141690026	149516679	0.081	0.0810134124713531	0	No
chr5	5556	5591	36	150059590	174028669	-0.2115	-0.211528392769811	0	No
chr5	5592	5641	50	175573969	180076603	0.1397	0.139701319944042	0.02	No
chr6	5642	5662	21	1504017	27021162	-0.0863	-0.0862912316044371	0	No
chr6	5663	5664	2	32561044	32632054	4.5642	9.73924851403268	1	CNV
chr6	5665	5701	37	33490112	46521465	0.1383	0.138318351050483	0	No
chr6	5702	5848	147	48005083	137026290	-0.1604	-0.160411545795428	0	No
chr6	5849	5898	50	137041540	169540990	0.0094	0.00939451483263937	0	No
chr7	5899	5911	13	1558538	2587146	0.5343	0.534286457872024	0	No
chr7	5912	6232	321	2593892	140487923	0.2059	0.205897616258605	0.00311526479750779	No
chr7	6233	6238	6	140487954	140493441	-0.4387	-0.438693569354999	0	No
chr7	6239	6277	39	140493713	150761890	0.1622	0.162224588567316	0	No
chr7	6278	6295	18	150761852	150773301	0.5032	0.50317313438262	0	No
chr7	6296	6305	10	150773315	159033771	0.1592	0.159213399960933	0	No
chr8	6306	6591	286	1512231	145514696	-0.1009	-0.100859771895857	0	No
chr9	6592	6686	95	1520418	19506029	-0.7163	-0.716313293282146	0	No
chr9	6687	6692	6	21001084	22513943	-5.6984	-5.69838892477587	0.833333333333333	CNV
chr9	6693	6700	8	24002989	34088543	-0.8561	-0.856062961162925	0	No
chr9	6701	6736	36	34089362	37801429	-0.3863	-0.386314459057626	0	No
chr9	6737	6748	12	37819238	69001780	-0.7116	-1.13716666272473	0.0833333333333333	No
chr9	6749	6766	18	71043883	73536839	-1.5135	-1.51351887055152	0	No
chr9	6767	6881	115	75000268	116171294	-0.5645	-0.564534230976868	0	No
chr9	6882	6994	113	116171843	141005886	-0.3604	-0.360393316128602	0	No
chrX	6995	7045	51	2709785	61931478	-0.1409	-0.140860071472033	0	No
chrX	7046	7062	17	61931665	73751419	0.4239	0.423851558348985	0	No
chrX	7063	7137	75	73959190	154504486	0.0584	0.0583507336918737	0	No
chrY	7140	7155	5	4564418	28463622	0.1435	-0.095020091694012	0.4	No
