Chr	Target.Start	Target.End	NumberOfTargets	OriStCoordinate	OriEndCoordinate	CBS.Mean	LogRatios	Above.PValues.Cutoff	Calls
chr1	1	140	140	1509023	45003661	0.1431	0.143102078147413	0	No
chr1	141	178	38	45286360	45800183	-0.0733	-0.0733135489046721	0	No
chr1	179	299	120	45805570	120529706	0.2279	0.227897277158723	0	No
chr1	300	507	208	120539616	249066375	0.0463	0.0510835182083348	0	No
chr10	508	699	192	1500986	135030859	-0.1647	-0.164716121219278	0.00520833333333333	No
chr11	700	713	14	532632	10514315	-0.0278	-0.0278113851278946	0	No
chr11	714	754	41	12047387	57014762	0.3321	0.332123859505532	0	No
chr11	755	768	14	58502318	64577582	-0.2719	-0.271917824031152	0	No
chr11	769	994	226	66055892	133503064	-0.0124	-0.00852781969675865	0	No
chr12	995	1237	242	1517277	133501787	-0.0169	-0.0168845354746859	0	No
chr13	1238	1446	207	19523290	114011166	-0.0937	-0.0936686678577507	0	No
chr14	1447	1459	13	19220934	20400650	0.6232	0.623240934258501	0	No
chr14	1460	1598	139	21014709	106509444	0.1199	0.119856214619739	0	No
chr15	1599	1611	13	20197852	25513433	0.3112	0.31116674171731	0	No
chr15	1612	1682	70	27020673	41801327	-0.2132	-0.213180977614673	0	No
chr15	1684	1802	119	41803619	102005997	0.0337	0.0337404662404657	0.0252100840336134	No
chr16	1803	1889	86	1521625	3901011	-0.4871	-0.487093093569534	0	No
chr16	1890	1935	46	3929823	27003675	-0.2248	-0.224812813926803	0	No
chr16	1936	1943	8	28548290	31075781	-0.574	-0.574036695341336	0	No
chr16	1944	2062	119	31195528	90019657	-0.111	-0.111045504563209	0	No
chr17	2063	2107	45	1566387	25324608	-0.2798	-0.279840983589961	0.0222222222222222	No
chr17	2108	2167	60	25364490	29686059	0.0068	0.00683824817808176	0	No
chr17	2168	2283	116	29687501	43832403	-0.2787	-0.322343388421602	0.00862068965517241	No
chr17	2284	2360	77	45001154	59926617	0.2578	0.257802152183775	0	No
chr17	2361	2418	58	59934417	81004896	-0.1681	-0.168084811501607	0	No
chr18	2419	2436	18	657595	24027560	0.0202	0.0202279596007875	0.0555555555555556	No
chr18	2437	2452	16	25513614	25727748	0.5148	0.514815552595123	0	No
chr18	2454	2571	118	27004453	78001560	-0.0295	-0.0294948398147483	0	No
chr19	2572	2732	159	1206909	15302469	-0.1654	-0.165448650018905	0.00628930817610063	No
chr19	2733	2850	118	15302552	58508541	0.0524	0.0523938317676766	0.0338983050847458	No
chr2	2851	2960	110	1520851	48032167	-0.0865	-0.086505984091896	0	No
chr2	2961	3232	270	48032749	233721570	0.1609	0.160881101261165	0	No
chr2	3233	3245	13	234087707	241713663	-0.0104	-0.0104377317969181	0	No
chr20	3246	3270	25	1515234	36012807	0.1005	0.100536024216144	0	No
chr20	3271	3283	13	36014474	39015617	-0.2337	-0.23367404186104	0	No
chr20	3284	3305	22	39657672	39766498	0.0554	0.0554157141549931	0	No
chr20	3306	3314	9	39788245	39792473	-0.1554	-0.155427741002365	0	No
chr20	3315	3322	8	39792560	39795235	-0.4398	-0.439795133377514	0	No
chr20	3323	3342	20	39795318	48004798	-0.171	-0.170968075875371	0	No
chr20	3343	3382	40	49502968	62339365	0.1162	0.157828962318155	0.025	No
chr21	3383	3435	53	9518351	48028865	0.0177	-0.000438277322797382	0	No
chr22	3436	3600	161	17100915	51013000	0.0206	0.02061413968221	0	No
chr3	3601	3693	93	1511132	49551643	0.1554	0.155447080050537	0	No
chr3	3694	3717	24	51033218	52595984	-0.1095	-0.109549259120475	0	No
chr3	3718	3776	59	52597297	73515694	0.1498	0.14982751504168	0	No
chr3	3777	3838	62	75016437	106500717	0.3174	0.317437493396451	0	No
chr3	3839	3998	160	108014483	196502198	0.1445	0.14452186713997	0	No
chr4	3999	4049	51	891899	48000917	-0.2129	-0.21290859863611	0	No
chr4	4050	4257	208	52696667	190505274	0.0938	0.0938361688266406	0	No
chr5	4258	4367	110	1253839	56184184	-0.1643	-0.155561391558283	0.00909090909090909	No
chr5	4368	4504	137	56189357	125885985	-5e-04	-0.000481209202993286	0	No
chr5	4505	4660	155	125887712	180076566	-0.1859	-0.185874179880355	0.00645161290322581	No
chr6	4661	4721	61	1504063	32190872	0.4103	0.410327811858571	0	No
chr6	4722	4723	2	32191617	32561194	7.1327	7.13271530567853	1	CNV
chr6	4724	4765	42	32631948	44229585	0.026	0.265137448935805	0.0238095238095238	No
chr6	4766	4853	88	44230296	72003686	0.3075	0.307535314485505	0	No
chr6	4854	5004	151	73533564	157192786	-0.1335	-0.133521471589469	0	No
chr6	5005	5075	71	157222509	162010210	-0.3906	-0.390623429319809	0.0140845070422535	No
chr6	5076	5080	5	163510249	169540958	-0.1095	-0.109496805689179	0	No
chr7	5081	5134	53	1558583	31500603	0.2182	0.218204027925031	0	No
chr7	5135	5144	10	32997182	33044964	-0.235	-0.235040476013615	0	No
chr7	5145	5171	27	33051363	55211182	0.1765	0.131787220884526	0	No
chr7	5172	5198	27	55214295	55273311	-0.0946	-0.0945540759303124	0	No
chr7	5199	5261	63	55510104	98488068	0.2178	0.217797968962583	0	No
chr7	5262	5359	98	98490045	105024754	-0.0204	-0.0204485826854168	0	No
chr7	5360	5435	76	106503370	140624504	0.2155	0.215503694945072	0	No
chr7	5436	5453	18	141007594	142568658	-0.1246	-0.124585930792086	0	No
chr7	5454	5484	31	143140544	159033765	0.1833	0.183292353314914	0	No
chr8	5485	5750	266	1512281	52575400	-0.1164	-0.119735881536399	0.0037593984962406	No
chr8	5751	5847	97	54038539	145514664	0.1813	0.181301628602016	0	No
chr9	5848	5982	135	1520467	39011672	-0.1503	-0.150335069216073	0	No
chr9	5983	6015	33	43673724	73240433	0.2728	0.272778476811699	0	No
chr9	6016	6033	17	73250126	79506525	0.5338	0.53376621220608	0.0588235294117647	No
chr9	6034	6245	211	80336235	141005845	0.145	0.144975244896806	0.004739336492891	No
chrX	6246	6251	6	1314886	1331527	0.1651	0.165057860504583	0	No
chrX	6252	6355	104	2709834	46554757	-0.6688	-0.668782824820993	0	No
chrX	6356	6376	21	47422366	48652571	-0.9488	-0.948784922020115	0	No
chrX	6377	6520	144	49590173	154504458	-0.6805	-0.680451968065585	0.0138888888888889	No
chrY	6521	6539	19	2654589	28514184	7.6134	7.29807161574794	0.894736842105263	CNV
