Chr	Target.Start	Target.End	NumberOfTargets	OriStCoordinate	OriEndCoordinate	CBS.Mean	LogRatios	Above.PValues.Cutoff	Calls
chr1	1	10	10	1509023	2420817	0.287	0.286985362591324	0	No
chr1	11	21	11	2421198	2431159	0.7232	0.723187106880703	0	No
chr1	22	89	68	2433550	15011576	0.2343	0.234311617822477	0	No
chr1	90	302	212	16517124	120572619	-0.0587	-0.0587316882412791	0	No
chr1	303	322	20	120611932	150552007	-0.4317	-0.431670657522153	0	No
chr1	323	369	47	151509711	179086652	0.0951	0.0950546083515304	0	No
chr1	370	442	73	179087718	204513813	-0.1729	-0.172860573810536	0	No
chr1	443	507	65	204515913	249066375	0.0504	0.0503738550753535	0	No
chr10	508	582	75	1500986	87009178	0.173	0.17301227669567	0	No
chr10	583	694	112	88504276	129009217	-0.1444	-0.144386918084769	0	No
chr10	695	699	5	129200912	135030859	0.4395	0.439480438984698	0	No
chr11	700	727	28	532632	31507067	-0.0676	-0.0675569609991724	0	No
chr11	728	737	10	32410600	32456892	0.3779	0.377901934217753	0	No
chr11	738	759	22	33001485	64538060	0.0616	0.0616304442483051	0	No
chr11	760	775	16	64571802	69458015	-0.3156	-0.315587025905633	0	No
chr11	776	804	29	69458596	93027436	0.0884	0.0482477602080739	0	No
chr11	805	994	190	94153267	133503064	-0.2114	-0.211375639995361	0	No
chr12	995	998	4	1517277	4385386	-0.1177	-0.117677830677048	0	No
chr12	999	1024	26	4387925	9001706	0.4056	0.405616224100908	0	No
chr12	1025	1200	175	10513537	112856972	-0.0295	-0.0371754367685248	0	No
chr12	1201	1237	37	112884076	133501787	0.3539	0.353867002123137	0	No
chr13	1238	1254	17	19523290	25618109	0.3605	0.360532403285033	0	No
chr13	1255	1263	9	26828775	26971375	-0.2311	-0.231055490659406	0	No
chr13	1264	1296	32	26974586	28883071	0.294	0.294012534026653	0	No
chr13	1297	1314	18	28885723	29001456	0.0435	0.0435261435016185	0	No
chr13	1315	1336	22	29001885	32921048	-0.2763	-0.276332238143484	0	No
chr13	1337	1362	26	32928994	48004561	-0.0165	-0.0165062513815648	0	No
chr13	1363	1391	29	48878045	51031654	-0.4407	-0.440745697716485	0	No
chr13	1392	1446	54	52506066	114011166	0.0018	0.00183472893669262	0	No
chr14	1447	1484	38	19220934	49503230	0.1563	0.15625074016263	0	No
chr14	1485	1511	27	50585061	55509876	-0.361	-0.361026863936525	0	No
chr14	1512	1568	57	57008452	102548159	0.111	0.110971643097425	0	No
chr14	1569	1577	9	102548444	102552716	-0.4981	-0.498142911440449	0	No
chr14	1578	1591	14	102568208	105240332	0.1035	0.103483019070952	0	No
chr14	1592	1598	7	105241255	106509444	0.5414	0.541439138035875	0	No
chr15	1599	1644	45	20197852	33002208	0.0989	0.0989108899089575	0	No
chr15	1645	1668	24	34502374	40068725	-0.3434	-0.343370622460331	0	No
chr15	1669	1753	85	40516327	88672003	0.0056	0.0056365525555545	0.0117647058823529	No
chr15	1754	1762	9	88678328	90035106	0.5008	0.500816243930578	0	No
chr15	1763	1802	40	90627489	102005997	-0.0514	-0.0825042941686944	0	No
chr16	1803	1843	41	1521625	2138327	0.3126	0.312600555545507	0	No
chr16	1844	1890	47	2138443	3929924	0.0895	0.089534691144069	0	No
chr16	1891	1907	17	4503937	10528479	0.4135	0.413469100667198	0	No
chr16	1908	1913	6	11348289	12046315	-0.4591	-0.459105617021025	0	No
chr16	1914	1957	44	13504456	49500444	0.1521	0.152144155467567	0	No
chr16	1958	1970	13	50783609	50826616	-0.3338	-0.33377763917661	0	No
chr16	1971	1995	25	50827456	66434919	-0.0127	-0.012667149553305	0	No
chr16	1996	1998	3	66436554	68771392	-0.4182	-0.777997308845554	0	No
chr16	1999	2062	64	68772196	90019657	0.2206	0.22062605266862	0	No
chr17	2063	2078	16	1566387	8108362	0.067	0.0669682325477348	0	No
chr17	2079	2257	179	8108533	40533103	-0.1368	-0.145078214735265	0	No
chr17	2258	2266	9	41197691	41223256	0.3036	0.303600219459048	0	No
chr17	2267	2287	21	41226344	48263009	-0.0967	-0.0967480316837769	0	No
chr17	2288	2338	51	48263138	49501827	-0.3699	-0.369854910456288	0	No
chr17	2339	2418	80	51011673	81004896	0.1782	0.178168778192271	0	No
chr18	2419	2427	9	657595	10512069	-0.1818	-0.181795159232921	0	No
chr18	2428	2455	28	12043775	28500695	0.3172	0.317194352288906	0.0357142857142857	No
chr18	2456	2488	33	30003593	48603147	-0.1068	-0.106838515521309	0	No
chr18	2489	2518	30	48604622	51025880	0.3664	0.366356901365885	0	No
chr18	2519	2571	53	51052985	78001560	-0.0645	-0.0644602204456235	0	No
chr19	2572	2738	166	1206909	16514617	0.2776	0.277631172317231	0.00602409638554217	No
chr19	2739	2770	32	17937548	30000500	0.6491	0.649126617195992	0.03125	No
chr19	2771	2850	80	30303422	58508541	0.2939	0.293933802273844	0.0125	No
chr2	2851	2925	75	1520851	30143526	0.2001	0.200101631783392	0	No
chr2	2926	3117	190	31502410	209116276	-0.0398	-0.0398256849896673	0	No
chr2	3118	3158	41	210000411	215657169	0.189	0.189010266775502	0	No
chr2	3159	3185	27	215661784	220514096	-0.3981	-0.398076088505928	0	No
chr2	3186	3245	60	222015851	241713663	-0.0312	-0.0312012212020942	0	No
chr20	3246	3382	137	1515234	62339365	-0.1044	-0.104438815114498	0	No
chr21	3383	3399	17	9518351	27000512	0.1805	0.18047267776747	0	No
chr21	3400	3421	22	28503380	39764366	-0.2134	-0.213351039651851	0	No
chr21	3422	3435	14	39772495	48028865	0.1211	0.121058775049946	0	No
chr22	3436	3447	12	17100915	21001009	0.3579	0.357927671638451	0	No
chr22	3448	3473	23	21272219	29099573	0.0014	0.00135085734952145	0	No
chr22	3474	3500	26	29105968	30000102	-0.2279	-0.227857683341318	0	No
chr22	3501	3540	40	30032736	39483426	0.2101	0.21012514840741	0	No
chr22	3541	3586	46	39631879	42059819	-0.0383	-0.038342630996574	0	No
chr22	3587	3600	14	42523559	51013000	0.2947	0.29466471895976	0	No
chr3	3601	3701	101	1511132	52439310	-0.1296	-0.129633029121751	0	No
chr3	3702	3711	10	52439779	52443926	-0.6413	-0.641283698657099	0	No
chr3	3712	3773	62	52525866	70014400	-0.0797	-0.0796742983170339	0	No
chr3	3774	3881	108	70515416	138121111	0.1635	0.163504133450558	0	No
chr3	3882	3941	60	139506660	156018908	-0.19	-0.190049805401432	0	No
chr3	3942	3955	14	157509553	177015784	0.1278	0.12779952766237	0	No
chr3	3956	3998	43	178534621	196502198	-0.2279	-0.227857694693338	0	No
chr4	3999	4127	129	891899	55991476	0.0866	0.0866415296692906	0	No
chr4	4128	4157	30	57019692	73523609	0.3103	0.310282515016028	0	No
chr4	4158	4194	37	75000106	123019575	0.0385	0.0385023220360126	0	No
chr4	4195	4200	6	124317949	124503573	-0.6697	-0.669685007949635	0	No
chr4	4201	4217	17	126010224	150003556	0.0166	0.0166353407041457	0	No
chr4	4218	4231	14	151513432	153303488	-0.6435	-0.643542098354269	0	No
chr4	4232	4257	26	153332451	190505274	0.0611	0.0611033188347773	0	No
chr5	4258	4272	15	1253839	1294782	0.6349	0.634894163735623	0	No
chr5	4273	4298	26	1294882	37538016	0.0423	0.0422581171478428	0	No
chr5	4299	4434	136	38942391	86688182	-0.362	-0.362023867176897	0.00735294117647059	No
chr5	4435	4458	24	87008175	94267696	0.1127	0.112658896453054	0	No
chr5	4459	4541	83	94275787	149433788	-0.1118	-0.111841948870693	0	No
chr5	4542	4594	53	149433881	169511914	0.1183	0.118279372566921	0	No
chr5	4595	4606	12	170814929	170837599	-0.3813	-0.381292413650467	0	No
chr5	4607	4619	13	171003455	176520777	0.1782	0.178230258952641	0	No
chr5	4620	4660	40	176522327	180076566	0.5661	0.566101934999049	0.025	No
chr6	4661	4683	23	1504063	27021130	-0.144	-0.143962276503371	0	No
chr6	4684	4692	9	31938951	31949223	-0.5797	-0.57971516827274	0	No
chr6	4693	4702	10	32163210	32170377	-0.9452	-0.945199693717483	0	No
chr6	4703	4767	65	32171543	44233500	-0.1367	-0.136710796370659	0	No
chr6	4768	4911	144	45003214	126047551	0.1977	0.197739414938115	0	No
chr6	4912	5040	129	127510917	160468368	-0.1589	-0.158941730931925	0.00775193798449612	No
chr6	5041	5080	40	160468823	169540958	0.1759	0.175935780297375	0	No
chr7	5081	5100	20	1558583	2978465	0.5362	0.536167273636574	0	No
chr7	5101	5108	7	2979382	6062317	0.1771	0.177090181180777	0	No
chr7	5109	5116	8	6414366	7521231	-0.4539	-0.45393638468524	0	No
chr7	5117	5200	84	9002609	57259778	0.0447	0.0109503532824879	0.0119047619047619	No
chr7	5201	5203	3	61864821	62562671	0.7857	0.785743276557903	0.333333333333333	No
chr7	5204	5372	169	63386749	109507798	0.0518	0.051815077125212	0	No
chr7	5373	5394	22	111005418	118548922	-0.2318	-0.231843206169228	0	No
chr7	5395	5480	86	120008097	153023734	0.0638	0.0461652013162911	0	No
chr7	5481	5484	4	154516777	159033765	0.6816	0.681645823079193	0	No
chr8	5485	5527	43	1512281	24001892	-0.0349	-0.0349301417485544	0	No
chr8	5528	5558	31	25530394	27312137	0.2691	0.269062908101112	0	No
chr8	5559	5847	289	27315807	145514664	-0.0412	-0.0412415373444995	0	No
chr9	5848	5898	51	1520467	6001379	-0.2052	-0.205209331217571	0	No
chr9	5899	5938	40	7509721	12032395	0.2045	0.204525166050938	0	No
chr9	5939	5945	7	13509886	21966081	-0.1163	-0.116251148989732	0	No
chr9	5946	5960	15	21968041	22008952	-0.472	-0.472035149264326	0	No
chr9	5961	6093	132	22513807	98248157	0.0099	0.00989041484424137	0	No
chr9	6094	6096	3	98268685	98278801	-0.8778	-0.877847597278384	0	No
chr9	6097	6245	148	98278901	141005845	0.0783	0.0783489390882609	0	No
chrX	6246	6272	27	1314886	31504350	0.0967	0.0966980337455056	0	No
chrX	6273	6366	94	33000392	47428432	-0.4129	-0.412856769846706	0.0106382978723404	No
chrX	6367	6406	40	47428937	78001380	-0.0068	-0.00679045412193474	0	No
chrX	6407	6433	27	79277768	106532990	0.3068	0.306790618606766	0	No
chrX	6434	6457	24	108072181	118514355	-0.0809	-0.0809205342168755	0	No
chrX	6458	6493	36	120150648	123234447	-0.4413	-0.441320639439201	0	No
chrX	6494	6520	27	124513957	154504458	-0.0921	-0.0921232763057124	0.037037037037037	No
chrY	6521	6539	19	2654589	28514184	-0.0117	-0.0116510162602181	0	No
