Chr	Target.Start	Target.End	NumberOfTargets	OriStCoordinate	OriEndCoordinate	CBS.Mean	LogRatios	Above.PValues.Cutoff	Calls
chr1	1	42	42	1509023	11186853	0.6346	0.634635740317205	0	No
chr1	43	144	102	11187066	45289057	0.3539	0.353889837576588	0	No
chr1	145	147	3	45291921	45292754	1.0387	1.03866265514166	0	No
chr1	148	163	16	45292838	45308604	0.4292	0.42921614934933	0	No
chr1	164	171	8	45794977	45798160	0.6993	0.699316216097286	0	No
chr1	172	178	7	45798245	45800183	0.4121	0.41205506406938	0	No
chr1	179	223	44	45805570	67518815	0.1802	0.18021706366198	0	No
chr1	224	232	9	69023124	81003484	0.5761	0.576065448178698	0	No
chr1	233	247	15	82510910	98348935	0.223	0.223047645507751	0	No
chr1	248	261	14	99009499	115254865	0.481	0.480974535279822	0	No
chr1	262	309	48	115256417	145441571	0.0973	0.097294077481288	0	No
chr1	310	323	14	145485743	151509813	0.3976	0.397551717117139	0	No
chr1	324	362	39	153123548	175501395	0.5317	0.531659170569415	0	No
chr1	363	377	15	177003969	179198533	0.8556	0.85558055997921	0	No
chr1	378	404	27	180001224	184505748	0.3092	0.309236575707868	0	No
chr1	405	449	45	186011204	206649706	0.6029	0.602937317531952	0	No
chr1	450	476	27	206650017	223501211	0.3835	0.383513344299466	0	No
chr1	477	507	31	225060171	249066375	0.7287	0.728742346260983	0	No
chr10	508	526	19	1500986	30023652	-0.4173	-0.417251075357693	0	No
chr10	527	548	22	31529390	43615652	0.2768	0.27677422788121	0	No
chr10	549	622	74	43617377	93622756	-0.0752	-0.075158111541755	0	No
chr10	623	653	31	94503017	111003225	0.1151	0.115078045037398	0	No
chr10	654	699	46	112507867	135030859	-0.1736	-0.173578162727511	0	No
chr11	700	706	7	532632	534700	0.4673	0.467312800983449	0	No
chr11	707	723	17	1519615	25500521	0.0613	0.0612829209146991	0	No
chr11	724	740	17	27022058	36012676	0.5288	0.528770003289956	0	No
chr11	741	793	53	37505278	78003715	-0.0745	-0.0745075200112225	0	No
chr11	794	909	116	78128691	108218098	-0.5674	-0.567406897271287	0	No
chr11	910	946	37	108224489	118377362	-0.393	-0.392988448089332	0	No
chr11	947	956	10	118378232	118535459	-0.0643	-0.0643124112264016	0	No
chr11	957	966	10	119077127	119155810	-0.3868	-0.386803345207886	0	No
chr11	967	978	12	119155898	125497726	-0.6179	-0.617918505950903	0	No
chr11	979	994	16	125499107	133503064	-0.0761	-0.0761256809287847	0	No
chr12	995	1048	54	1517277	12397589	-0.4565	-0.45653104679584	0	No
chr12	1049	1051	3	12419614	12871881	-1.3332	-1.33319737584757	0	No
chr12	1052	1073	22	13505911	33006875	-0.2933	-0.293269028680488	0	No
chr12	1074	1111	37	34688868	56474175	0.1842	0.184190494937828	0	No
chr12	1112	1139	28	56477531	57001558	0.5477	0.547657398085687	0	No
chr12	1140	1178	39	57911162	87014466	0.2642	0.264204077712444	0	No
chr12	1179	1189	11	88503185	97507189	-0.2687	-0.268650434066599	0	No
chr12	1190	1237	48	99002646	133501787	0.191	0.191012532367458	0	No
chr13	1238	1268	31	19523290	27001592	-0.3577	-0.357745471809403	0	No
chr13	1269	1292	24	28531330	28644750	-0.0823	-0.0823491437302298	0	No
chr13	1294	1446	152	28877300	114011166	-0.4435	-0.443529132078531	0	No
chr14	1447	1598	152	19220934	106509444	0.0581	0.0580962357955817	0	No
chr15	1599	1674	75	20197852	41797262	-1.1729	-1.19128798058775	0.0133333333333333	No
chr15	1675	1683	9	41797405	41803544	-0.6634	-0.663410615019651	0.111111111111111	No
chr15	1684	1697	14	41803619	51016406	-1.1327	-1.13269621336822	0.0714285714285714	No
chr15	1698	1704	7	52537589	61513000	-0.7225	-0.722465198420881	0	No
chr15	1705	1744	40	63004768	87000760	-0.0579	-0.0579258559218944	0	No
chr15	1745	1779	35	88420162	99008080	-1.0711	-1.07107289058425	0	No
chr15	1780	1802	23	99192805	102005997	-1.3089	-1.30888752682287	0	No
chr16	1803	1844	42	1521625	2138612	-0.022	-0.0219849391090191	0	No
chr16	1845	1957	113	2588073	49500444	-0.3211	-0.321060884642775	0	No
chr16	1958	1974	17	50783609	51057778	-0.6404	-0.64036056079558	0	No
chr16	1975	1983	9	51098375	63007016	-0.3106	-0.310564680181177	0	No
chr16	1984	1999	16	64512521	68772315	-0.6344	-0.634370220275539	0	No
chr16	2000	2062	63	68835569	90019657	-0.2863	-0.286304974407915	0	No
chr17	2063	2077	15	1566387	7579925	-0.1765	-0.176491456492717	0	No
chr17	2078	2100	23	8108188	13500860	-0.5527	-0.552680564427395	0.0434782608695652	No
chr17	2101	2109	9	15012611	25502255	-0.1709	-0.17087216480442	0	No
chr17	2110	2257	148	27039480	40533103	-0.5235	-0.523462108977302	0	No
chr17	2258	2283	26	41197691	43832403	-0.1076	-0.107640048062214	0	No
chr17	2284	2313	30	45001154	48271402	-0.4029	-0.402948080094272	0	No
chr17	2314	2319	6	48271490	48272691	-0.0734	-0.0733806779812942	0	No
chr17	2320	2332	13	48272794	48275865	-0.5405	-0.540481722415534	0	No
chr17	2333	2336	4	48276586	48277308	-1.1658	-1.16575373029406	0	No
chr17	2337	2365	29	48278771	61502542	-0.3983	-0.398284173392874	0	No
chr17	2366	2383	18	62006585	78519591	-0.1796	-0.179584105718341	0	No
chr17	2384	2407	24	78599490	78914401	-0.5416	-0.541602438979623	0	No
chr17	2408	2418	11	78919466	81004896	-0.1781	-0.178071000256403	0	No
chr18	2419	2433	15	657595	19525266	0.0685	0.0685493791066732	0	No
chr18	2434	2466	33	21032260	45001747	-0.3888	-0.388838077005626	0.0303030303030303	No
chr18	2467	2476	10	45368194	45423128	-0.8333	-0.833261044814854	0	No
chr18	2477	2481	5	46573509	48575729	-0.3403	-0.340309347204958	0	No
chr18	2482	2489	8	48581147	48604838	-0.6356	-0.635588277802035	0	No
chr18	2490	2522	33	49508251	52895593	-0.3333	-0.333252618396761	0	No
chr18	2523	2539	17	52896074	53254361	-0.7968	-0.796758925361354	0	No
chr18	2540	2571	32	54000659	78001560	-0.4368	-0.436805791374074	0	No
chr19	2572	2680	108	1206909	11121208	0.6569	0.648769984003037	0.00925925925925926	No
chr19	2681	2709	29	11123621	15278223	0.4187	0.418723849508859	0	No
chr19	2710	2740	31	15280887	17941028	0.6302	0.630247562555665	0	No
chr19	2741	2762	22	17941308	18002599	0.9232	0.923228918336784	0	No
chr19	2763	2850	88	19499998	58508541	0.5349	0.534904641241426	0.0113636363636364	No
chr2	2851	3149	297	1520851	214512072	0.3719	0.371948371599396	0	No
chr2	3150	3159	10	215593399	215661841	0.1968	0.196796619625715	0	No
chr2	3160	3164	5	215674135	216981565	-0.2347	-0.234653976168166	0	No
chr2	3165	3186	22	216982468	222015952	0.1596	0.15962643591662	0	No
chr2	3187	3245	59	223065892	241713663	0.3344	0.334419586908633	0	No
chr20	3246	3260	15	1515234	21001318	0.2163	0.216294720582029	0	No
chr20	3261	3267	7	22525337	31500532	0.6965	0.696537268423229	0	No
chr20	3268	3282	15	33009084	37503715	0.233	0.233041776207632	0	No
chr20	3283	3291	9	39015516	39713209	-0.3597	-0.359655201609454	0	No
chr20	3292	3311	20	39721108	39791632	-0.0671	-0.0670957115350219	0	No
chr20	3312	3314	3	39791842	39792473	0.3127	0.312668988366099	0	No
chr20	3315	3327	13	39792560	39798166	-0.0703	-0.07029560055276	0	No
chr20	3328	3336	9	39798751	39803149	-0.2889	-0.288923845562584	0	No
chr20	3337	3358	22	40502839	57430389	0.5071	0.507103559940967	0	No
chr20	3359	3372	14	57466778	58505767	0.0992	0.0992222672074877	0	No
chr20	3373	3382	10	60004068	62339365	0.8026	0.802575811154228	0	No
chr21	3383	3390	8	9518351	15538549	-0.1182	-0.11819432828467	0	No
chr21	3391	3406	16	15589164	36164908	-0.587	-0.586987587021016	0	No
chr21	3407	3412	6	36171594	36259410	-0.9455	-0.945472664469626	0	No
chr21	3413	3435	23	36265189	48028865	-0.5046	-0.504648942129247	0	No
chr22	3436	3480	41	17100915	29130710	0.5687	0.568707706047294	0	No
chr22	3481	3485	5	29664325	29670271	-0.1371	-0.137148115948058	0	No
chr22	3486	3497	12	29674018	29695321	0.6322	0.632168657866406	0	No
chr22	3498	3528	31	29695588	37640188	0.3122	0.31216694304403	0	No
chr22	3529	3540	12	38369501	39483426	0.7279	0.727885608081247	0	No
chr22	3541	3595	55	39631879	43509932	0.482	0.482005506268994	0	No
chr22	3596	3600	5	45006149	51013000	0.8302	0.830155304936081	0	No
chr3	3601	3694	94	1511132	51033319	-0.0253	-0.0252798512646717	0	No
chr3	3695	3711	17	52436302	52443926	-0.4927	-0.492676011883279	0	No
chr3	3712	3757	46	52525866	64522168	0.0856	0.0856456929869986	0	No
chr3	3758	3770	13	66001748	70001049	-0.34	-0.34004466521936	0	No
chr3	3771	3982	212	70005591	186039231	0.021	0.0209644016462693	0	No
chr3	3983	3992	10	187440245	189003589	-0.5442	-0.544186039728678	0	No
chr3	3993	3998	6	190505664	196502198	-0.059	-0.0590227361140548	0	No
chr4	3999	4015	17	891899	1808411	0.0662	0.0662031110410685	0	No
chr4	4016	4049	34	1808552	48000917	-0.3773	-0.37727279769331	0	No
chr4	4050	4129	80	52696667	58507786	0.4016	0.401621618661179	0	No
chr4	4130	4219	90	60004322	153004725	-0.4868	-0.486834763296879	0	No
chr4	4220	4231	12	153244029	153303488	-1.1344	-1.13436479909641	0	No
chr4	4232	4236	5	153332451	159053048	-0.8375	-0.837528178940293	0	No
chr4	4237	4240	4	160540903	165008746	-0.1805	-0.180547602210598	0	No
chr4	4241	4249	9	166509203	178514697	-0.5358	-0.535824912615592	0	No
chr4	4250	4257	8	180010456	190505274	-0.2231	-0.223061881270959	0	No
chr5	4258	4273	16	1253839	1295105	0.5983	0.598301932502157	0	No
chr5	4274	4296	23	1509431	34500556	0.0817	0.0816913065484604	0	No
chr5	4297	4337	41	36094383	39074504	-0.2292	-0.229180240495066	0	No
chr5	4338	4397	60	40505298	73562167	0.0737	0.0736563007751115	0	No
chr5	4398	4500	103	75007483	124504030	0.2656	0.265612080923642	0	No
chr5	4501	4516	16	125880656	125919704	0.5749	0.574881862020931	0	No
chr5	4517	4607	91	125928355	171003557	0.2933	0.29333372609229	0	No
chr5	4608	4636	28	172513459	180040111	0.6587	0.658706645317793	0	No
chr5	4637	4660	24	180041064	180076566	0.9969	0.996864073664292	0.0416666666666667	No
chr6	4661	4728	66	1504063	36009418	0.3669	0.428551238571655	0.0151515151515152	No
chr6	4729	4735	7	36647886	36653602	-0.306	-0.305951561316963	0	No
chr6	4736	4850	115	37501100	67524761	0.4084	0.40835911415406	0	No
chr6	4851	4910	60	69000009	124519315	-0.3375	-0.337508045634497	0	No
chr6	4911	4951	41	126047450	136880026	-0.5849	-0.584851051168189	0	No
chr6	4952	4989	38	136882669	139504590	-0.789	-0.788956515492242	0	No
chr6	4990	4999	10	141005090	153012440	-0.0982	-0.0981956725010552	0	No
chr6	5000	5045	46	153344479	160479156	-0.7192	-0.71920030910915	0	No
chr6	5046	5080	35	160479937	169540958	-0.4652	-0.465162798855528	0	No
chr7	5081	5099	19	1558583	2977666	0.7751	0.775061327385689	0	No
chr7	5100	5168	68	2978312	54002573	0.375	0.375045909307041	0	No
chr7	5169	5195	27	55086962	55269049	0.0441	0.0440509801933252	0	No
chr7	5196	5206	11	55269399	66000956	0.483	0.482997346059585	0	No
chr7	5207	5339	133	67501938	100401212	-0.003	-0.00303746146964986	0	No
chr7	5340	5359	20	100402787	105024754	0.3266	0.326599434243288	0	No
chr7	5360	5376	17	106503370	115511158	0.0949	0.0948584789840926	0	No
chr7	5377	5379	3	116339135	116380139	-0.3591	-0.359065203561324	0	No
chr7	5380	5387	8	116380902	116409846	-0.0475	-0.0475145788224363	0	No
chr7	5388	5392	5	116411548	116436179	-0.3914	-0.391368895588911	0	No
chr7	5393	5422	30	117014466	140439747	0.1827	0.182652331211285	0	No
chr7	5423	5479	57	140449083	151508061	-0.0347	-0.0347255006675887	0	No
chr7	5480	5484	5	153023632	159033765	0.3089	0.308894770222464	0	No
chr8	5485	5605	121	1512281	36000290	0.3149	0.314878252227619	0	No
chr8	5606	5625	20	37501784	37699873	0.7358	0.735769727126164	0	No
chr8	5626	5636	11	38271142	38282218	0.3768	0.376761161955692	0	No
chr8	5637	5654	18	38283636	38705541	0.1494	0.149381091035626	0	No
chr8	5655	5793	139	39022384	97502973	0.4506	0.450567096587922	0	No
chr8	5794	5847	54	99021055	145514664	0.0526	0.0526454824807134	0	No
chr9	5848	5854	7	1520467	2056845	-0.6235	-0.623532387698622	0	No
chr9	5855	5870	16	2058290	2104169	-0.2661	-0.266097150358548	0	No
chr9	5871	5876	6	2110253	2170472	-0.6001	-0.600109329017579	0	No
chr9	5877	5889	13	2181570	5080381	-0.1152	-0.115157317579631	0	No
chr9	5890	5897	8	5080529	5126792	0.2705	0.27047223091168	0	No
chr9	5898	5944	47	6001277	21001186	-0.534	-0.534040716723138	0	No
chr9	5945	5966	22	21966032	30042089	-1.4451	-1.44508309863211	0	No
chr9	5967	6045	78	31512087	87039225	-0.4879	-0.487864567826733	0	No
chr9	6046	6095	50	87285660	98270644	-0.7878	-0.787829000207006	0	No
chr9	6096	6190	95	98278700	135804260	-0.5139	-0.513905889733893	0	No
chr9	6191	6240	49	136531843	139418432	-0.0278	-0.027834306768994	0	No
chr9	6241	6245	5	139438463	141005845	-0.4112	-0.411241630706556	0	No
chrX	6246	6277	32	1314886	39017319	0.5919	0.591891097789925	0	No
chrX	6278	6381	104	40508545	55509222	0.2901	0.290067689752603	0	No
chrX	6382	6517	136	57006519	152864480	0.0887	0.0886804391211745	0	No
chrX	6518	6520	3	152864482	154504458	0.7209	0.720937497208063	0	No
chrY	6522	6538	5	3023532	28463586	0.3928	0.579552073294034	0.4	CNV
