Chr	Target.Start	Target.End	NumberOfTargets	OriStCoordinate	OriEndCoordinate	CBS.Mean	LogRatios	Above.PValues.Cutoff	Calls
chr1	1	23	23	1509023	2436652	-1.4846	-1.48463217189582	0	No
chr1	24	34	11	3003428	11172974	-0.2696	-0.269564386595556	0	No
chr1	35	86	52	11174374	11319466	-0.5934	-0.59341586430786	0	No
chr1	87	141	55	12042696	45286376	-0.0546	-0.10735699264103	0.0181818181818182	No
chr1	142	155	14	45287937	45295205	-1.5393	-1.53927178101302	0	No
chr1	156	178	23	45295285	45800183	-0.7593	-0.759277131905066	0	No
chr1	179	181	3	45805570	45805926	-2.0716	-2.07158344862961	0	No
chr1	182	328	146	46505269	156812064	-0.3872	-0.404231386177257	0.00684931506849315	No
chr1	329	332	4	156830723	156851435	-2.2251	-2.22507630162404	0	No
chr1	333	445	113	157520392	205509450	-0.3189	-0.318917649340664	0	No
chr1	446	463	18	206646562	206666712	-1.2172	-1.21716852064087	0	No
chr1	464	507	44	206667236	249066375	-0.1915	-0.19153481794598	0	No
chr10	508	535	28	1500986	43507945	-0.2983	-0.4140323030532	0	No
chr10	536	547	12	43572691	43615194	-1.932	-1.93204080906676	0	No
chr10	548	699	152	43615525	135030859	-0.4292	-0.442776854724478	0.00657894736842105	No
chr11	700	706	7	532632	534700	-1.8398	-1.83975785791938	0	No
chr11	707	828	122	1519615	100500139	-0.5445	-0.544451746212022	0.00819672131147541	No
chr11	829	994	166	101981579	133503064	-1.2322	-1.28506350751019	0.77710843373494	CNV
chr12	995	1008	14	1517277	7521561	-0.5937	-0.593743863976583	0	No
chr12	1009	1011	3	7521952	7527352	-1.5923	-1.59227194551619	0	No
chr12	1012	1108	96	7527426	52506102	-0.4416	-0.441647397200892	0.0208333333333333	No
chr12	1109	1147	39	54019796	58145501	-0.7642	-0.764223920664328	0	No
chr12	1148	1219	72	58520015	120001303	-0.3455	-0.418557488939319	0	No
chr12	1220	1229	10	121416568	121438996	-1.9871	-1.98711116323317	0	No
chr12	1230	1237	8	121506127	133501787	-0.1311	-0.131077485753439	0	No
chr13	1238	1417	180	19523290	79504923	-0.3315	-0.391566636672952	0.0111111111111111	No
chr13	1418	1421	4	80910110	80915086	-1.4222	-1.42224015895729	0	No
chr13	1422	1446	24	81006743	114011166	-0.1136	-0.182538177890205	0	No
chr14	1447	1472	26	19220934	36012024	-0.5113	-0.511321263423853	0	No
chr14	1473	1475	3	36986479	36989345	-3.2296	-3.22963878560455	0	No
chr14	1476	1580	105	37500784	103529627	-0.4369	-0.449120536709935	0	No
chr14	1581	1598	18	104165133	106509444	-1.567	-1.56704775426514	0	No
chr15	1599	1608	10	20197852	22330429	0.4045	0.404501189272814	0.1	No
chr15	1609	1682	73	22772320	41801327	-0.6364	-0.636425818306741	0	No
chr15	1683	1685	3	41803361	41804161	-4.325	-4.32503278661156	0.666666666666667	CNV
chr15	1686	1802	117	41804312	102005997	-0.6724	-0.703634939489554	0.00854700854700855	No
chr16	1803	1805	3	1521625	2100493	-0.4436	-0.443625045172775	0	No
chr16	1806	1847	42	2103339	2611551	-1.4446	-1.50055713448087	0.0238095238095238	No
chr16	1848	1997	150	2611768	67503911	-0.5999	-0.599929327172873	0	No
chr16	1998	1999	2	68771290	68772315	-2.9775	-2.97753138929042	0	No
chr16	2000	2055	56	68835569	88517337	-0.4483	-0.472031141943014	0	No
chr16	2056	2062	7	89805007	90019657	-1.0079	-1.00791788636224	0	No
chr17	2063	2068	6	1566387	7573017	0.2938	0.293786781669576	0	No
chr17	2069	2073	5	7573923	7578290	-0.3938	-0.393797277879995	0	No
chr17	2074	2078	5	7578367	8108362	-1.2247	-1.22473341077237	0	No
chr17	2079	2085	7	8108533	8113542	-0.5659	-0.565852618516933	0	No
chr17	2086	2196	111	9001358	37556933	0.1868	0.117233547184686	0.00900900900900901	No
chr17	2197	2232	36	37856476	38512478	-1.0166	-1.01658076560821	0	No
chr17	2233	2256	24	39004742	40500534	0.0218	0.0217714627429105	0	No
chr17	2257	2287	31	40533001	48263009	0.3802	0.380219328690542	0.032258064516129	No
chr17	2288	2324	37	48263138	48273728	-1.0291	-1.02912422724128	0	No
chr17	2325	2336	12	48273844	48277308	-0.4876	-0.809773914410809	0	No
chr17	2337	2365	29	48278771	61502542	0.4464	0.446366734158198	0.0344827586206897	No
chr17	2366	2371	6	62006585	62009621	-0.6654	-0.665379559361701	0	No
chr17	2372	2385	14	63000355	78617610	0.2679	0.267887396859361	0.0714285714285714	No
chr17	2386	2418	33	78681640	81004896	-0.4675	-0.467453507152841	0	No
chr18	2419	2571	153	657595	78001560	-0.4271	-0.473420662023186	0.0130718954248366	No
chr19	2572	2707	135	1206909	15276327	-1.352	-1.35199501258058	0.00740740740740741	No
chr19	2708	2743	36	15276594	17942608	-2.1342	-2.13418680492093	0	No
chr19	2744	2850	107	17943324	58508541	-1.1305	-1.16838006385511	0.00934579439252336	No
chr2	2851	2871	21	1520851	25458694	0.1451	0.145062961779009	0	No
chr2	2872	2925	54	25459804	30143526	-0.4805	-0.480513800486455	0	No
chr2	2926	3009	84	31502410	96166489	0.2233	0.204564236632382	0	No
chr2	3010	3013	4	96808904	96811179	-1.0276	-1.76882059053191	0	No
chr2	3014	3194	179	97594053	223160376	0.2457	0.221690820537028	0	No
chr2	3195	3197	3	223161696	223520833	-1.5944	-1.59444879269167	0	No
chr2	3198	3245	48	223845890	241713663	0.072	0.0720148196730688	0	No
chr20	3246	3382	137	1515234	62339365	-0.8188	-0.838261819594013	0.0364963503649635	No
chr21	3383	3435	53	9518351	48028865	-0.5351	-0.535113368278758	0	No
chr22	3436	3495	56	17100915	29693939	-0.7126	-0.712573427827868	0.0892857142857143	No
chr22	3496	3546	51	29694722	41523752	5.9814	5.98138887459041	0.235294117647059	No
chr22	3547	3586	40	41525893	42059819	7.8688	7.86877778439482	0.825	CNV
chr22	3587	3594	8	42523559	42526744	3.1266	3.12658144667689	0	No
chr22	3595	3600	6	43509830	51013000	7.2654	7.26544734187428	0.666666666666667	CNV
chr3	3601	3694	94	1511132	51033319	-0.4271	-0.449099254911555	0	No
chr3	3695	3711	17	52436302	52443926	-1.5004	-1.50035176100057	0.0588235294117647	No
chr3	3712	3857	146	52525866	133502307	-0.3618	-0.361829488764255	0	No
chr3	3858	3863	6	134514473	134873118	-1.0872	-1.08720685381055	0	No
chr3	3864	3998	135	134880859	196502198	-0.3788	-0.378779338209298	0	No
chr4	3999	4017	19	891899	1808990	-1.8629	-1.862880286272	0	No
chr4	4018	4195	178	3000563	124318087	-0.3789	-0.389114476246755	0.00561797752808989	No
chr4	4196	4197	2	124318765	124320949	-1.7862	-1.7862465034153	0	No
chr4	4198	4224	27	124321122	153250938	-0.3619	-0.361856714884132	0	No
chr4	4225	4227	3	153251880	153259089	-1.047	-1.04700396477801	1	CNV
chr4	4228	4257	30	153268078	190505274	-0.2672	-0.26716158776644	0	No
chr5	4258	4273	16	1253839	1295105	-1.5515	-1.55147830247993	0	No
chr5	4274	4335	62	1509431	39021239	-0.2821	-0.282066244132197	0	No
chr5	4336	4337	2	39074184	39074504	-2.5761	-2.57612621360971	0	No
chr5	4338	4516	179	40505298	125919704	-0.335	-0.36888491540466	0.00558659217877095	No
chr5	4517	4530	14	125928355	141018840	7.7658	7.76575713350484	0.857142857142857	CNV
chr5	4531	4580	50	141689991	149516640	6.4035	6.40351106054666	0.22	No
chr5	4581	4611	31	150059635	176516698	7.6651	7.66511522351489	0.870967741935484	CNV
chr5	4612	4660	48	176517387	180076566	5.1102	4.97513113720961	0.1875	No
chr6	4661	4687	27	1504063	31940534	-0.6242	-0.624163848526354	0.037037037037037	No
chr6	4688	4722	35	31946679	32191718	2.4171	2.41709924211854	0.657142857142857	CNV
chr6	4723	4738	16	32561092	40518146	7.3524	7.3524406812013	0.5	CNV
chr6	4739	4767	29	41533498	44233500	4.9485	4.94849502396026	0.275862068965517	No
chr6	4768	4889	122	45003214	99025435	7.5795	7.57946672693723	0.836065573770492	CNV
chr6	4890	4892	3	99282749	99284081	-3.3772	-3.37718220537489	0	No
chr6	4893	4977	85	100508840	137026309	0.0489	0.0489020219723044	0	No
chr6	4978	5080	103	137041586	169540958	-0.3434	-0.393252126203427	0.00970873786407767	No
chr7	5081	5206	125	1558583	66000956	-0.7368	-0.78840027736682	0.008	No
chr7	5207	5270	64	67501938	98503889	0.2351	0.216223717653938	0	No
chr7	5271	5272	2	98506349	98508042	-1.3165	-1.31648970987225	0	No
chr7	5273	5346	74	98508130	100411338	-0.2474	-0.247435999096887	0	No
chr7	5347	5355	9	100411540	100424652	-1.1499	-1.14988878366813	0	No
chr7	5356	5400	45	100652344	127526589	0.2619	0.26186159769965	0	No
chr7	5401	5412	12	128828989	128852293	-0.7246	-0.924887751797937	0	No
chr7	5413	5434	22	129004860	140550013	0.3248	0.324817154063299	0	No
chr7	5435	5453	19	140624362	142568658	-1.0355	-1.03551325147773	0	No
chr7	5454	5484	31	143140544	159033765	0.2096	0.209587852526073	0	No
chr8	5485	5529	45	1512281	27000418	-0.4832	-0.483242418501826	0.0222222222222222	No
chr8	5530	5566	37	27255098	29208185	-1.0153	-1.01530341835867	0	No
chr8	5567	5606	40	30027691	37501885	-0.2546	-0.254575186247691	0	No
chr8	5607	5628	22	37654786	38271808	-1.9236	-1.92362429744549	0	No
chr8	5629	5639	11	38272060	38285958	-0.6748	-0.674829682214586	0	No
chr8	5640	5642	3	38287196	38645261	-1.875	-1.8750128769692	0	No
chr8	5643	5812	170	38646221	101648239	-0.4417	-0.459539423445385	0	No
chr8	5813	5814	2	101661501	101661742	-2.2291	-2.22912483978628	0	No
chr8	5815	5847	33	102014214	145514664	-0.3725	-0.372463653710014	0	No
chr9	5848	5852	5	1520467	2047484	-2.531	-2.53104444577606	0.2	No
chr9	5853	5955	103	2054596	21993460	-1.2652	-1.26517688173106	0.679611650485437	CNV
chr9	5956	5961	6	21994134	22513908	-2.4201	-2.42012698278467	0.5	CNV
chr9	5962	5970	9	24003009	36010804	-0.2615	-0.261542124935179	0	No
chr9	5971	5976	6	36840543	37002774	-1.4165	-1.41648963900175	0	No
chr9	5977	6018	42	37006450	73254110	-0.4122	-0.41222474899026	0	No
chr9	6019	6022	4	73255475	73399195	7.2033	7.20332183677824	0.75	CNV
chr9	6023	6192	169	73399020	138001135	1.2847	1.28466831440359	0.124260355029586	No
chr9	6194	6242	49	139228903	139440257	-0.1044	-0.143643573362495	0.0204081632653061	No
chr9	6243	6245	3	139552679	141005845	1.4792	1.47922796099711	0	No
chrX	6246	6251	6	1314886	1331527	-1.5663	-1.56627552998881	0	No
chrX	6252	6360	109	2709834	47425373	-0.2572	-0.257238289548755	0	No
chrX	6361	6376	16	47426037	48652571	-1.0026	-1.00255042572444	0	No
chrX	6377	6513	137	49590173	152853912	-0.0092	-0.00920152357649878	0	No
chrX	6514	6520	7	152857963	154504458	-1.269	-1.26904542999241	0	No
chrY	6521	6539	19	2654589	28514184	-2.7192	-2.71916531401768	0	No
