Chr	Target.Start	Target.End	NumberOfTargets	OriStCoordinate	OriEndCoordinate	CBS.Mean	LogRatios	Above.PValues.Cutoff	Calls
chr1	1	23	23	1509023	2436652	-1.8371	-1.83709826571014	0	No
chr1	24	141	118	3003428	45286376	-0.5462	-0.563570343798975	0.00847457627118644	No
chr1	142	158	17	45287937	45296715	-1.8403	-1.84032705432771	0	No
chr1	159	178	20	45297377	45800183	-1.0223	-1.02226379977361	0	No
chr1	179	181	3	45805570	45805926	-2.2881	-2.28811183764237	0	No
chr1	182	328	146	46505269	156812064	-0.3487	-0.365083026910861	0.0205479452054795	No
chr1	329	332	4	156830723	156851435	-1.9943	-1.99430654330936	0	No
chr1	333	445	113	157520392	205509450	-0.3337	-0.345682652717906	0.00884955752212389	No
chr1	446	463	18	206646562	206666712	-1.1682	-1.16824648081554	0	No
chr1	464	507	44	206667236	249066375	-0.2245	-0.224482096113203	0	No
chr10	508	534	27	1500986	42863017	-0.5777	-0.707024080767921	0.222222222222222	No
chr10	535	547	13	43507843	43615194	-1.9076	-2.10749140740962	0	No
chr10	548	699	152	43615525	135030859	-0.6376	-0.654746183166057	0.171052631578947	No
chr11	700	706	7	532632	534700	-1.9857	-1.98572887092488	0	No
chr11	707	759	53	1519615	64538060	-0.3359	-0.335940710825192	0.0188679245283019	No
chr11	760	778	19	64571802	69466051	-1.2749	-1.27485341320376	0.0526315789473684	No
chr11	779	794	16	70505019	78128766	-0.5341	-0.693027434062827	0	No
chr11	795	828	34	79506679	100500139	-0.1771	-0.177092291460079	0	No
chr11	829	835	7	101981579	102076805	-0.8607	-1.11601644099233	0.142857142857143	No
chr11	836	919	84	102080247	117003321	-0.2567	-0.281642820845746	0.0119047619047619	No
chr11	920	973	54	118307224	120008420	-0.4626	-0.536629783673432	0.0185185185185185	No
chr11	974	994	21	121501585	133503064	-0.2365	-0.236537575874898	0	No
chr12	995	1048	54	1517277	12397589	-0.4026	-0.402612350853966	0	No
chr12	1049	1050	2	12419614	12871249	-1.7182	-1.71822096301456	0	No
chr12	1051	1219	168	12871755	120001303	-0.3882	-0.416244369522584	0.00595238095238095	No
chr12	1220	1229	10	121416568	121438996	-1.687	-1.6869884571492	0	No
chr12	1230	1237	8	121506127	133501787	-0.2693	-0.269297443003531	0	No
chr13	1238	1417	180	19523290	79504923	-0.2427	-0.29424929094849	0.00555555555555556	No
chr13	1418	1421	4	80910110	80915086	-0.9575	-0.957503439563244	0	No
chr13	1422	1446	24	81006743	114011166	-0.251	-0.327194610408118	0	No
chr14	1447	1450	4	19220934	19264646	-0.2751	-0.275124402576001	0	No
chr14	1451	1459	9	20224331	20400650	0.399	0.398968371217747	0	No
chr14	1460	1472	13	21014709	36012024	-0.2611	-0.261097470049548	0	No
chr14	1473	1475	3	36986479	36989345	-2.2784	-2.27843882419396	0	No
chr14	1476	1580	105	37500784	103529627	-0.359	-0.370937702597849	0.0571428571428571	No
chr14	1581	1598	18	104165133	106509444	-1.5986	-1.59861347927364	0	No
chr15	1599	1669	70	20197852	40516429	-0.2857	-0.28570775278782	0.0714285714285714	No
chr15	1670	1682	13	41796193	41801327	-1.3135	-1.31346453759762	0	No
chr15	1683	1687	5	41803361	41805076	-3.6352	-3.6351661327124	0.2	No
chr15	1688	1762	75	41805174	90035106	-0.4059	-0.405914829923612	0	No
chr15	1763	1773	11	90627489	90645623	-1.173	-1.40749090733821	0	No
chr15	1774	1802	29	91513654	102005997	-0.49	-0.489996903940957	0.0344827586206897	No
chr16	1803	1805	3	1521625	2100493	-0.5243	-0.52427901803085	0	No
chr16	1806	1846	41	2103339	2607965	-1.5184	-1.5832647665944	0.0487804878048781	No
chr16	1847	1909	63	2611450	11348539	-0.5548	-0.554763989658439	0	No
chr16	1910	1912	3	11348589	11349589	-2.0758	-2.07575238469743	0	No
chr16	1913	2062	150	12046213	90019657	-0.4594	-0.466214318938172	0.02	No
chr17	2063	2073	11	1566387	7578290	-0.5432	-0.543235892511648	0	No
chr17	2074	2082	9	7578367	8110685	-1.4818	-1.48175431311784	0	No
chr17	2083	2196	114	8110888	37556933	-0.3068	-0.369900562289479	0.0087719298245614	No
chr17	2197	2232	36	37856476	38512478	-1.4425	-1.44246040989722	0	No
chr17	2233	2258	26	39004742	41197820	-0.5831	-0.583121896458642	0.0384615384615385	No
chr17	2259	2286	28	41199638	48020737	-0.2956	-0.295606202118345	0	No
chr17	2287	2324	38	48262862	48273728	-1.1794	-1.17938780328507	0	No
chr17	2325	2330	6	48273844	48275363	-0.4896	-0.489598296114444	0	No
chr17	2331	2336	6	48275521	48277308	-1.2638	-1.68470119972967	0	No
chr17	2337	2365	29	48278771	61502542	0.0422	0.0421709275261879	0	No
chr17	2366	2371	6	62006585	62009621	-0.9915	-0.991509719143952	0	No
chr17	2372	2391	20	63000355	78797023	0.0786	0.0785515047865222	0.05	No
chr17	2392	2418	27	78811721	81004896	-0.5058	-0.505810853119979	0	No
chr18	2419	2571	153	657595	78001560	-0.3038	-0.346595593086204	0.0196078431372549	No
chr19	2572	2634	62	1206909	4123876	-1.6637	-1.66374010555677	0.032258064516129	No
chr19	2635	2664	30	4519018	10600530	-0.8274	-0.973832757317985	0.1	No
chr19	2665	2671	7	10602249	11098601	-2.0367	-2.03671741095009	0	No
chr19	2672	2702	31	11099989	13513831	-1.1451	-1.14512130378874	0	No
chr19	2703	2761	59	14063323	17955227	-1.9026	-1.94913694754608	0.0169491525423729	No
chr19	2762	2790	29	18002497	40503085	-0.5531	-0.73908266327476	0.0344827586206897	No
chr19	2791	2850	60	40739766	58508541	-1.3414	-1.34137300758558	0.0333333333333333	No
chr2	2851	2871	21	1520851	25458694	-0.4349	-0.434913290929002	0	No
chr2	2872	2894	23	25459804	25536853	-1.2359	-1.23589159063447	0.0434782608695652	No
chr2	2895	3009	115	27020692	96166489	-0.3937	-0.41919682834131	0.0173913043478261	No
chr2	3010	3013	4	96808904	96811179	-1.4611	-2.12125139570229	0	No
chr2	3014	3194	179	97594053	223160376	-0.2551	-0.27722326557012	0.0111731843575419	No
chr2	3195	3197	3	223161696	223520833	-1.5121	-1.51213942061766	0	No
chr2	3198	3245	48	223845890	241713663	-0.3905	-0.390477270751214	0.0208333333333333	No
chr20	3246	3382	137	1515234	62339365	-0.7198	-0.742107021089809	0.0218978102189781	No
chr21	3383	3435	53	9518351	48028865	-0.4167	-0.416677547781996	0.0188679245283019	No
chr22	3436	3495	56	17100915	29693939	-0.5284	-0.52840894129709	0	No
chr22	3496	3521	26	29694722	36012525	7.0587	7.05871177127532	0.461538461538462	CNV
chr22	3522	3543	22	37504613	41489102	5.6139	5.43497744812565	0.227272727272727	No
chr22	3544	3586	43	41513190	42059819	7.6812	7.68121813723875	0.674418604651163	CNV
chr22	3587	3593	7	42523559	42525822	5.1713	5.17130305761847	0	No
chr22	3594	3600	7	42526643	51013000	7.2841	7.2841428754305	0.428571428571429	CNV
chr3	3601	3694	94	1511132	51033319	-0.6476	-0.670079987616718	0.234042553191489	No
chr3	3695	3712	18	52436302	52525968	-1.4908	-1.49080499485721	0.0555555555555556	No
chr3	3713	3998	286	52582077	196502198	-0.5736	-0.57358050334237	0.171328671328671	No
chr4	3999	4017	19	891899	1808990	-1.9258	-1.92583601752559	0	No
chr4	4018	4195	178	3000563	124318087	-0.2639	-0.274941521986461	0	No
chr4	4196	4197	2	124318765	124320949	-1.0926	-1.09264417672896	0	No
chr4	4198	4257	60	124321122	190505274	-0.2338	-0.233839121241115	0	No
chr5	4258	4274	17	1253839	1509533	-1.4484	-1.44835645428809	0	No
chr5	4275	4335	61	3032465	39021239	-0.2005	-0.200453746299746	0	No
chr5	4336	4337	2	39074184	39074504	-2.2526	-2.25260790995218	0	No
chr5	4338	4516	179	40505298	125919704	-0.2509	-0.282821289676093	0.0223463687150838	No
chr5	4517	4530	14	125928355	141018840	7.6414	7.64144669236547	0.714285714285714	CNV
chr5	4531	4580	50	141689991	149516640	6.5704	6.57037673725953	0.12	No
chr5	4581	4610	30	150059635	175574121	7.6757	7.67568785954294	0.8	CNV
chr5	4611	4626	16	176516597	176524678	4.9586	4.9586136737747	0.125	No
chr5	4627	4633	6	177025824	180037026	6.7622	6.76224213757289	0.333333333333333	No
chr5	4634	4660	27	180038327	180076566	4.4175	4.16521003661709	0.185185185185185	No
chr6	4661	4683	23	1504063	27021130	-0.0873	-0.0872611842792116	0	No
chr6	4684	4686	3	31938951	31940288	-2.4179	-2.41791975382079	0	No
chr6	4687	4721	35	31940397	32190872	2.5297	2.52974623961042	0.742857142857143	CNV
chr6	4722	4724	3	32191617	32632050	-0.3398	-4.28941329225871	0.666666666666667	CNV
chr6	4725	4738	14	33490158	40518146	7.6134	7.6134327116608	0.5	CNV
chr6	4739	4759	21	41533498	41909387	4.9951	4.99506414205452	0.142857142857143	No
chr6	4760	4889	130	42005400	99025435	7.806	7.79168839253278	0.815384615384615	CNV
chr6	4890	4892	3	99282749	99284081	-2.6008	-2.6007718883616	0	No
chr6	4893	4977	85	100508840	137026309	0.1462	0.146161032719278	0	No
chr6	4978	5025	48	137041586	160390427	-0.1191	-0.224490786554991	0.0208333333333333	No
chr6	5026	5080	55	160412215	169540958	0.2954	0.295430397073321	0.0727272727272727	No
chr7	5081	5100	20	1558583	2978465	-1.0907	-1.09072070377982	0	No
chr7	5101	5338	237	2979382	99382146	-0.4241	-0.449399489626781	0.0126582278481013	No
chr7	5339	5346	8	100401082	100411338	-0.9211	-0.921058022381619	0	No
chr7	5347	5355	9	100411540	100424652	-1.7368	-1.73682267333002	0	No
chr7	5356	5439	84	100652344	142561470	-0.5293	-0.529303241591641	0.0238095238095238	No
chr7	5440	5453	14	142561720	142568658	-1.5099	-1.50992706621267	0	No
chr7	5454	5484	31	143140544	159033765	-0.2554	-0.255382456220214	0	No
chr8	5485	5532	48	1512281	27278267	-0.3185	-0.318477396308456	0	No
chr8	5533	5566	34	27279808	29208185	-0.7912	-0.791224769772487	0	No
chr8	5567	5606	40	30027691	37501885	-0.1885	-0.188467543469276	0	No
chr8	5607	5627	21	37654786	38271542	-1.8815	-1.8814644693141	0	No
chr8	5628	5639	12	38271666	38285958	-0.4804	-0.480376365729325	0	No
chr8	5640	5642	3	38287196	38645261	-1.4488	-1.44878653312989	0	No
chr8	5643	5812	170	38646221	101648239	-0.3366	-0.350518031007009	0.00588235294117647	No
chr8	5813	5814	2	101661501	101661742	-2.0282	-2.02820471785753	0	No
chr8	5815	5847	33	102014214	145514664	-0.3327	-0.332681701683308	0	No
chr9	5848	5856	9	1520467	2060986	-0.9856	-1.14037791365398	0.222222222222222	No
chr9	5857	5944	88	2070417	21001186	-0.5685	-0.568494457772867	0.193181818181818	No
chr9	5945	5960	16	21966032	22008952	-1.4433	-1.44333933581086	0.4375	CNV
chr9	5961	5976	16	22513807	37002774	-0.7718	-0.771838669976091	0.1875	No
chr9	5977	6018	42	37006450	73254110	-0.2803	-0.280318630628835	0	No
chr9	6019	6022	4	73255475	73399195	7.1186	7.11855442824555	0.75	CNV
chr9	6023	6192	169	73399020	138001135	1.4663	1.46632825529631	0.0650887573964497	No
chr9	6194	6245	52	139228903	141005845	-0.0731	-0.0970676490914645	0.0192307692307692	No
chrX	6246	6251	6	1314886	1331527	-1.2823	-1.28232278515172	0	No
chrX	6252	6355	104	2709834	46554757	0.2726	0.272580169813267	0.0384615384615385	No
chrX	6356	6376	21	47422366	48652571	-0.7228	-0.722797719475545	0	No
chrX	6377	6516	140	49590173	152861645	0.2865	0.286476026811649	0.0428571428571429	No
chrX	6517	6520	4	152864419	154504458	-1.9415	-1.9414705265359	0.25	No
chrY	6521	6539	19	2654589	28514184	-8.7943	-8.442346691285	0	No
