Chr	Target.Start	Target.End	NumberOfTargets	OriStCoordinate	OriEndCoordinate	CBS.Mean	LogRatios	Above.PValues.Cutoff	Calls
chr1	1	16	16	1509023	2428449	-0.8118	-0.811820151204045	0	No
chr1	17	23	7	2428940	2436652	-1.8177	-1.81766968778457	0	No
chr1	24	141	118	3003428	45286376	-0.3444	-0.373402909240455	0	No
chr1	142	155	14	45287937	45295205	-1.4772	-1.47718434032069	0	No
chr1	156	178	23	45295285	45800183	-0.8693	-0.869262443518199	0	No
chr1	179	181	3	45805570	45805926	-2.3694	-2.36935159704965	0	No
chr1	182	328	146	46505269	156812064	-0.2278	-0.249907196225102	0	No
chr1	329	332	4	156830723	156851435	-1.9114	-1.91142744941513	0	No
chr1	333	507	175	157520392	249066375	-0.3174	-0.328365511958531	0	No
chr10	508	534	27	1500986	42863017	-0.3026	-0.476308289302327	0	No
chr10	535	547	13	43507843	43615194	-1.3521	-1.54467644464899	0	No
chr10	548	636	89	43615525	103503385	-0.3532	-0.379759545263665	0	No
chr10	637	649	13	104263906	105026064	-0.7402	-0.856109814035232	0	No
chr10	650	654	5	106527666	112507969	-0.3219	-0.321948158892212	0	No
chr10	655	656	2	112679300	112679904	-3.3231	-3.32306793697918	0	No
chr10	657	699	43	112711365	135030859	-0.4172	-0.417245605329238	0	No
chr11	700	759	60	532632	64538060	-0.4933	-0.468809244716715	0.0166666666666667	No
chr11	760	778	19	64571802	69466051	-1.1268	-1.12676475496427	0	No
chr11	779	828	50	70505019	100500139	-0.3247	-0.40372767974868	0	No
chr11	829	835	7	101981579	102076805	-0.8261	-1.20819058680164	0	No
chr11	836	994	159	102080247	133503064	-0.3734	-0.423503975718971	0	No
chr12	995	1048	54	1517277	12397589	-0.35	-0.349953052354668	0	No
chr12	1049	1050	2	12419614	12871249	-1.6415	-1.64148891602501	0	No
chr12	1051	1219	168	12871755	120001303	-0.323	-0.355563961117067	0	No
chr12	1220	1229	10	121416568	121438996	-1.5513	-1.55126486611943	0	No
chr12	1230	1237	8	121506127	133501787	0.0312	0.0312102169320964	0	No
chr13	1238	1417	179	19523290	79504923	-0.3568	-0.387629763521613	0	No
chr13	1418	1421	4	80910110	80915086	-1.2658	-1.26583643988306	0	No
chr13	1422	1446	24	81006743	114011166	-0.4296	-0.509229218592761	0	No
chr14	1447	1598	152	19220934	106509444	-0.553	-0.575197059605925	0	No
chr15	1599	1602	4	20197852	20870852	0.4919	0.49194385422433	0	No
chr15	1603	1669	66	20893617	40516429	-0.4156	-0.450953235737452	0	No
chr15	1670	1679	10	41796193	41799488	-1.1761	-1.17610233448475	0	No
chr15	1680	1682	3	41799759	41801327	-0.7013	-0.701288485196068	0	No
chr15	1683	1685	3	41803361	41804161	-4.9698	-4.96980927225118	0.666666666666667	CNV
chr15	1686	1688	3	41804312	41805318	-2.0439	-2.04389872706787	0	No
chr15	1689	1802	114	41805864	102005997	-0.5832	-0.616963888239174	0	No
chr16	1803	1805	3	1521625	2100493	-0.1493	-0.149292170947024	0	No
chr16	1806	1846	41	2103339	2607965	-0.9951	-1.09664422252812	0.024390243902439	No
chr16	1847	1907	61	2611450	10528479	-0.358	-0.388428842322373	0	No
chr16	1908	1913	6	11348289	12046315	-1.5905	-1.59048262434108	0	No
chr16	1914	1936	23	13504456	28548392	-0.2027	-0.202734940135957	0	No
chr16	1937	1943	7	28617448	31075781	-1.951	-1.95103679963956	0	No
chr16	1944	2062	119	31195528	90019657	-0.2442	-0.279614302852045	0	No
chr17	2063	2073	11	1566387	7578290	-0.5161	-0.516127874451369	0	No
chr17	2074	2081	8	7578367	8110206	-1.5058	-1.50582747990686	0	No
chr17	2082	2196	115	8110493	37556933	-0.2773	-0.364460717135473	0.00869565217391304	No
chr17	2197	2232	36	37856476	38512478	-1.2433	-1.24327736421067	0	No
chr17	2233	2286	54	39004742	48020737	-0.2635	-0.263536657175978	0	No
chr17	2287	2324	38	48262862	48273728	-1.3336	-1.33362088640028	0	No
chr17	2325	2330	6	48273844	48275363	-0.6786	-0.678550696954277	0	No
chr17	2331	2336	6	48275521	48277308	-1.356	-2.15549064327483	0.166666666666667	No
chr17	2337	2363	27	48278771	59938904	-0.1088	-0.108826033449114	0	No
chr17	2364	2371	8	60017605	62009621	-0.8503	-0.850309952526147	0	No
chr17	2372	2394	23	63000355	78829347	-0.3135	-0.313475545357367	0	No
chr17	2395	2418	24	78831589	81004896	-0.7758	-0.775762589996559	0	No
chr18	2419	2571	153	657595	78001560	-0.3642	-0.419922415110924	0.0130718954248366	No
chr19	2572	2701	129	1206909	12004149	-0.977	-1.04819325899944	0.00775193798449612	No
chr19	2702	2761	60	13513729	17955227	-1.7836	-1.78358557185774	0	No
chr19	2762	2850	89	18002497	58508541	-0.6492	-0.735243699076781	0.0112359550561798	No
chr2	2851	2875	25	1520851	25463599	-0.2482	-0.248204707782535	0	No
chr2	2876	2894	19	25464430	25536853	-0.8309	-0.96972447610164	0	No
chr2	2895	2910	16	27020692	29455315	-0.4105	-0.410457819262003	0	No
chr2	2911	2983	73	29456427	61147792	-0.2501	-0.311072039424405	0	No
chr2	2984	3011	28	61148894	96810112	-0.19	-0.190023267032169	0	No
chr2	3012	3013	2	96810499	96811179	-1.0492	-2.1440633680735	0	No
chr2	3014	3194	179	97594053	223160376	-0.1753	-0.199530534339982	0	No
chr2	3195	3197	3	223161696	223520833	-1.5668	-1.56675555281537	0	No
chr2	3198	3245	48	223845890	241713663	-0.3105	-0.310493959142004	0	No
chr20	3246	3382	137	1515234	62339365	-0.5404	-0.624744014950247	0.0072992700729927	No
chr21	3383	3435	53	9518351	48028865	-0.5049	-0.50488355668416	0	No
chr22	3436	3495	56	17100915	29693939	-0.3544	-0.354360843813369	0	No
chr22	3496	3527	32	29694722	37637698	6.839	6.83898697456525	0.46875	CNV
chr22	3528	3541	14	37640153	39639905	5.1657	5.16573458900176	0.214285714285714	No
chr22	3542	3586	45	40504317	42059819	7.5059	7.39974210470566	0.8	CNV
chr22	3587	3594	8	42523559	42526744	3.4058	3.40578026105954	0	No
chr22	3595	3600	6	43509830	51013000	7.3246	7.32456669638991	0.833333333333333	CNV
chr3	3601	3694	94	1511132	51033319	-0.2635	-0.286219862864909	0	No
chr3	3695	3711	17	52436302	52443926	-1.0591	-1.05905197048003	0	No
chr3	3712	3849	138	52525866	123007416	-0.2147	-0.214697600700974	0	No
chr3	3850	3998	149	124456691	196502198	-0.39	-0.398823248678116	0	No
chr4	3999	4017	19	891899	1808990	-1.4873	-1.48729728870563	0	No
chr4	4018	4195	178	3000563	124318087	-0.2165	-0.229403256364459	0	No
chr4	4196	4197	2	124318765	124320949	-1.3543	-1.35432730421779	0	No
chr4	4198	4257	60	124321122	190505274	-0.2421	-0.242082872740549	0	No
chr5	4258	4273	16	1253839	1295105	-1.1374	-1.32041345719492	0	No
chr5	4274	4335	62	1509431	39021239	-0.4179	-0.417908348583404	0	No
chr5	4336	4337	2	39074184	39074504	-2.7497	-2.74972114100947	0	No
chr5	4338	4516	179	40505298	125919704	-0.2753	-0.310746198198778	0.00558659217877095	No
chr5	4517	4530	14	125928355	141018840	7.4916	7.49161235466362	0.857142857142857	CNV
chr5	4531	4576	46	141689991	149513324	6.3592	6.35917334394615	0.217391304347826	No
chr5	4577	4610	34	149513440	175574121	7.4406	7.37209796945984	0.823529411764706	CNV
chr5	4611	4660	49	176516597	180076566	5.1554	4.99153185521718	0.244897959183673	No
chr6	4661	4686	26	1504063	31940288	-0.4807	-0.480732395469931	0	No
chr6	4687	4724	37	31940397	32632050	1.7017	1.43962948763578	0.72972972972973	CNV
chr6	4725	4738	14	33490158	40518146	7.1263	7.1262926394213	0.571428571428571	CNV
chr6	4739	4767	29	41533498	44233500	5.1367	5.13670036039848	0.275862068965517	No
chr6	4768	4889	122	45003214	99025435	7.3755	7.36031505564877	0.852459016393443	CNV
chr6	4890	4892	3	99282749	99284081	-3.2587	-3.25868969738062	0	No
chr6	4893	4976	84	100508840	137019820	0.0493	0.0363769695823832	0	No
chr6	4977	5080	104	137026208	169540958	-0.1903	-0.262566671394984	0.00961538461538462	No
chr7	5081	5102	22	1558583	2984171	-0.6181	-0.618106190209211	0	No
chr7	5103	5270	167	2985452	98503889	-0.2296	-0.268621960209297	0	No
chr7	5271	5346	76	98506349	100411338	-0.5806	-0.580565300089821	0	No
chr7	5347	5355	9	100411540	100424652	-1.4134	-1.41335915336286	0	No
chr7	5356	5400	45	100652344	127526589	-0.2446	-0.244615803040076	0	No
chr7	5401	5412	12	128828989	128852293	-0.9255	-1.12603186721155	0	No
chr7	5413	5438	26	129004860	142561107	-0.2479	-0.369135306710146	0	No
chr7	5439	5453	15	142561369	142568658	-1.3363	-1.33631909486727	0	No
chr7	5454	5484	31	143140544	159033765	-0.2077	-0.207713456553503	0	No
chr8	5485	5528	44	1512281	25530496	-0.4182	-0.418210620662629	0	No
chr8	5529	5567	39	27000316	30027793	-0.8228	-0.822826252414242	0	No
chr8	5568	5606	39	30915963	37501885	-0.3065	-0.306494293498937	0	No
chr8	5607	5626	20	37654786	38271323	-1.8029	-1.80285713047073	0	No
chr8	5627	5812	186	38271432	101648239	-0.3289	-0.346149047455248	0	No
chr8	5813	5814	2	101661501	101661742	-2.0082	-2.00820220555106	0	No
chr8	5815	5847	33	102014214	145514664	-0.2825	-0.282468649184229	0	No
chr9	5848	5854	7	1520467	2056845	-0.8905	-1.22236457331152	0	No
chr9	5855	5945	91	2058290	21966081	-0.3881	-0.388130243662181	0	No
chr9	5946	5960	15	21968041	22008952	-1.1955	-1.19550920817654	0	No
chr9	5961	6018	58	22513807	73254110	-0.3496	-0.349589347459191	0	No
chr9	6019	6022	4	73255475	73399195	7.0415	7.04147110837591	1	CNV
chr9	6023	6192	169	73399020	138001135	1.3328	1.32659032736421	0.0118343195266272	No
chr9	6194	6245	52	139228903	141005845	0.1835	0.130956592717753	0.0192307692307692	No
chrX	6246	6355	110	1314886	46554757	-1.3175	-1.31747037884458	0	No
chrX	6356	6376	21	47422366	48652571	-2.1246	-2.12460765508113	0	No
chrX	6377	6516	140	49590173	152861645	-1.1738	-1.1737828763022	0	No
chrX	6517	6520	4	152864419	154504458	-2.9345	-2.93446117480671	0.25	No
chrY	6521	6539	19	2654589	28514184	-1.2744	-1.27437099004046	0	No
