Chr	Target.Start	Target.End	NumberOfTargets	OriStCoordinate	OriEndCoordinate	CBS.Mean	LogRatios	Above.PValues.Cutoff	Calls
chr1	1	23	23	1509023	2436652	-0.3648	-0.364756338072702	0	No
chr1	24	102	79	3003428	25508183	0.1649	0.164945270854741	0	No
chr1	103	178	76	27004289	45800183	-0.597	-0.637347978443543	0	No
chr1	179	180	2	45805570	45805787	-3.3503	-3.35034830640266	0	No
chr1	181	328	147	45805890	156812064	-0.1826	-0.201884657527694	0	No
chr1	329	333	5	156830723	157520494	-1.8585	-1.85852846298087	0	No
chr1	334	507	174	159003240	249066375	-0.4561	-0.456069614381564	0	No
chr10	508	584	77	1500986	89624315	-0.4231	-0.4619219043615	0	No
chr10	585	625	41	89653772	96519111	-1.0798	-1.07981912702534	0	No
chr10	626	654	29	96521606	112507969	-0.2226	-0.22262583299534	0	No
chr10	655	666	12	112679300	114003992	-1.5687	-1.56865335462742	0	No
chr10	667	699	33	115505781	135030859	-0.2075	-0.207525003433192	0	No
chr11	700	782	83	532632	75016510	-0.7742	-0.806145661024241	0	No
chr11	783	789	7	76504221	77936248	0.4839	0.483944839895783	0	No
chr11	790	797	8	77937510	82503113	-0.3426	-0.342581748354488	0	No
chr11	798	909	112	84002339	108218098	-1.2105	-1.23248773233161	0	No
chr11	910	994	85	108224489	133503064	-0.665	-0.697796621307561	0	No
chr12	995	1174	179	1517277	81007550	-0.6543	-0.654316255539299	0	No
chr12	1175	1183	9	82512835	89747048	-1.6897	-1.98578077809882	0	No
chr12	1184	1224	41	90009842	121434217	-0.8772	-0.877211412948064	0	No
chr12	1225	1228	4	121434340	121437431	-2.4171	-2.41712768163092	0	No
chr12	1229	1237	9	121438864	133501787	-0.4969	-0.496928521187037	0	No
chr13	1238	1322	85	19523290	29041755	-0.4861	-0.542438132495391	0.0117647058823529	No
chr13	1323	1443	120	29068896	110438400	-1.1659	-1.18292349772694	0.00833333333333333	No
chr13	1444	1446	3	111013875	114011166	0.0299	0.0298683840677106	0	No
chr14	1447	1471	25	19220934	34507958	-0.0501	-0.0501086000922853	0	No
chr14	1472	1476	5	36011922	37500886	-1.9118	-1.91179391967674	0	No
chr14	1477	1598	122	39061038	106509444	-0.18	-0.179971999316643	0	No
chr15	1599	1627	29	20197852	31338436	-0.6296	-0.749618542561846	0	No
chr15	1628	1645	17	31339313	34502476	0.0984	0.0984483420043242	0	No
chr15	1646	1682	37	36000571	41801327	-0.9134	-0.913421170266604	0	No
chr15	1683	1685	3	41803361	41804161	-4.5779	-4.57791439711934	0.333333333333333	No
chr15	1686	1802	117	41804312	102005997	0.1276	0.105752505566919	0	No
chr16	1803	1904	102	1521625	9984957	0.3598	0.320168439435787	0	No
chr16	1905	1977	73	10031814	54000946	-1.018	-1.01801005179391	0	No
chr16	1978	2048	71	55504784	78011592	0.3948	0.349470037132963	0	No
chr16	2049	2062	14	79510781	90019657	-0.9305	-0.930514738750946	0	No
chr17	2063	2104	42	1566387	19519101	0.6118	0.501568148437348	0	No
chr17	2105	2233	129	20851683	39004843	-0.8336	-0.833594541253241	0	No
chr17	2234	2262	29	40467762	41209160	-0.0998	-0.0997932561991553	0	No
chr17	2263	2369	107	41215318	62007745	-0.9102	-0.946039008511663	0	No
chr17	2370	2418	49	62008694	81004896	0.1062	0.106206778813253	0	No
chr18	2419	2571	153	657595	78001560	0.001	-0.0333542048401874	0	No
chr19	2572	2710	138	1206909	15280988	0.1285	0.0897114929730687	0.0072463768115942	No
chr19	2711	2737	27	15281138	15311717	-1.232	-1.23197920419827	0	No
chr19	2738	2850	113	16514515	58508541	-0.0408	-0.0890995079761487	0.00884955752212389	No
chr2	2851	2937	87	1520851	46501437	0.0422	0.0421867534636961	0	No
chr2	2938	3161	222	47630327	216005946	-0.3662	-0.397799679426428	0	No
chr2	3162	3245	84	216974159	241713663	-0.0245	-0.0245045387950854	0	No
chr20	3246	3382	137	1515234	62339365	-0.2782	-0.308280410928892	0	No
chr21	3383	3435	53	9518351	48028865	-0.6387	-0.638657536930796	0	No
chr22	3436	3443	8	17100915	17280728	-0.379	-0.379025757843479	0	No
chr22	3444	3473	27	17299405	29099573	0.279	0.279000263934891	0	No
chr22	3474	3495	21	29105968	29693939	-0.7298	-0.729840017560963	0	No
chr22	3496	3600	105	29694722	51013000	7.2247	7.19006118184891	0.504761904761905	CNV
chr3	3601	3776	176	1511132	73515694	-0.0304	-0.0304231904764742	0	No
chr3	3777	3848	72	75016437	121512116	-0.5714	-0.57144536453775	0	No
chr3	3849	3881	33	123007314	138121111	0.0631	0.0631137141500998	0	No
chr3	3882	3978	97	139506660	181431102	-0.7976	-0.79761701629943	0	No
chr3	3979	3998	20	181502708	196502198	-0.1145	-0.114521690782628	0	No
chr4	3999	4122	124	891899	55980433	-0.4864	-0.486398987687638	0	No
chr4	4123	4257	135	55981037	190505274	-0.9176	-0.917564679063493	0	No
chr5	4258	4386	129	1253839	67589028	-0.7918	-0.830151548074464	0	No
chr5	4387	4492	106	67589127	112501052	-1.2726	-1.27258801064635	0	No
chr5	4493	4516	24	114013974	125919704	-0.7566	-0.756612931537831	0	No
chr5	4517	4639	122	125928355	180043996	6.0604	6.0604201305891	0.0901639344262295	No
chr5	4640	4660	21	180045766	180076566	4.6456	4.29573051043958	0.0952380952380952	No
chr6	4661	4683	23	1504063	27021130	0.0728	0.0727548786920419	0	No
chr6	4684	4686	3	31938951	31940288	-3.2236	-3.22363422598207	0	No
chr6	4687	4722	36	31940397	32191718	1.8502	1.85019395755966	0.666666666666667	CNV
chr6	4723	4853	131	32561092	72003686	6.9763	6.97633811730696	0.442748091603053	CNV
chr6	4854	4889	36	73533564	99025435	5.1176	5.1176011167782	0.0277777777777778	No
chr6	4890	4892	3	99282749	99284081	-4.5392	-4.53922378687879	0	No
chr6	4893	4911	19	100508840	126047551	-0.5718	-0.571813140784998	0	No
chr6	4912	5002	91	127510917	157100605	-1.2975	-1.2974798241177	0	No
chr6	5003	5080	78	157150360	169540958	-0.4999	-0.555926574518362	0.0128205128205128	No
chr7	5081	5241	160	1558583	95434149	-0.4577	-0.506857898334049	0	No
chr7	5242	5346	105	95439703	100411338	0.059	0.0590464529465188	0	No
chr7	5347	5484	138	100411540	159033765	-0.3896	-0.415711208344536	0	No
chr8	5485	5513	29	1512281	9622300	-1.0383	-1.03825771609625	0	No
chr8	5514	5563	50	9623201	29197760	-0.4625	-0.462536586816438	0	No
chr8	5564	5626	63	29202886	38271323	-1.214	-1.21400393699181	0	No
chr8	5627	5659	33	38271432	46950859	0.0245	0.0245087866522595	0	No
chr8	5660	5778	119	46999667	92972746	-0.7623	-0.784774656007174	0	No
chr8	5779	5847	69	92982882	145514664	-0.0162	-0.016213092014461	0	No
chr9	5848	5982	135	1520467	39011672	-1.4849	-1.48493736203378	0	No
chr9	5983	6018	36	43673724	73254110	0.0509	0.0509233260016862	0	No
chr9	6019	6022	4	73255475	73399195	7.341	7.34101986686344	0.75	CNV
chr9	6023	6108	85	73399020	114010924	1.6044	1.60440608019728	0.117647058823529	No
chr9	6109	6245	136	115503584	141005845	2.4207	2.39424203661439	0.286764705882353	No
chrX	6246	6374	129	1314886	48650875	-1.6965	-1.69647779742617	0	No
chrX	6375	6457	83	48651578	118514355	-1.2652	-1.26523794731694	0	No
chrX	6458	6520	63	120150648	154504458	-1.6997	-1.76929831260316	0	No
chrY	6521	6539	19	2654589	28514184	-3.0679	-3.06792503148477	0	No
