Chr	Target.Start	Target.End	NumberOfTargets	OriStCoordinate	OriEndCoordinate	CBS.Mean	LogRatios	Above.PValues.Cutoff	Calls
chr1	1	141	141	1509023	45286376	-0.6832	-0.683242630618498	0	No
chr1	142	181	40	45287937	45805926	-1.7016	-1.70163403288818	0	No
chr1	182	328	146	46505269	156812064	-0.3498	-0.375235076176323	0	No
chr1	329	332	4	156830723	156851435	-2.1102	-2.1101948957483	0	No
chr1	333	445	113	157520392	205509450	-0.3979	-0.397887211330288	0	No
chr1	446	463	18	206646562	206666712	-1.0892	-1.08923031200558	0	No
chr1	464	507	44	206667236	249066375	-0.2052	-0.205240905905567	0	No
chr10	508	535	28	1500986	43507945	-0.7233	-0.818936620195471	0	No
chr10	536	547	12	43572691	43615194	-2.1895	-2.18949406158859	0	No
chr10	548	699	152	43615525	135030859	-0.7669	-0.780746408648192	0	No
chr11	700	759	60	532632	64538060	-0.4009	-0.400891392561188	0	No
chr11	760	768	9	64571802	64577582	-1.3322	-1.33218255852024	0	No
chr11	769	828	60	66055892	100500139	-0.332	-0.332032361682677	0	No
chr11	829	831	3	101981579	101985125	-1.5892	-1.58921494782386	0	No
chr11	832	994	163	102019166	133503064	-0.3324	-0.343337149327637	0	No
chr12	995	1110	115	1517277	55500400	-0.3972	-0.3971968069013	0	No
chr12	1111	1148	38	56474073	58520117	-0.7587	-0.758674239576053	0	No
chr12	1149	1219	71	60001020	120001303	-0.2951	-0.326319555179201	0	No
chr12	1220	1228	9	121416568	121437431	-2.0401	-2.04010574457224	0	No
chr12	1229	1237	9	121438864	133501787	-0.2765	-0.276465033122936	0	No
chr13	1238	1417	179	19523290	79504923	-0.2901	-0.311727626931198	0	No
chr13	1418	1446	28	80910110	114011166	-0.4941	-0.494137963152668	0	No
chr14	1447	1472	26	19220934	36012024	-0.351	-0.350993520349904	0	No
chr14	1473	1475	3	36986479	36989345	-2.7724	-2.77235829049152	0	No
chr14	1476	1580	105	37500784	103529627	-0.3473	-0.34732573539625	0	No
chr14	1581	1583	3	104165133	104165913	-2.4527	-2.45272935733557	0	No
chr14	1584	1598	15	105024506	106509444	-0.8006	-0.800640439628129	0	No
chr15	1599	1669	70	20197852	40516429	-0.3232	-0.323197666968723	0	No
chr15	1670	1688	18	41796193	41805318	-1.3436	-1.49611005831376	0.0555555555555556	No
chr15	1689	1802	114	41805864	102005997	-0.4552	-0.477730942749216	0.0087719298245614	No
chr16	1803	1846	44	1521625	2607965	-1.0202	-1.08933313279864	0.0227272727272727	No
chr16	1847	1997	151	2611450	67503911	-0.4808	-0.480846027141334	0	No
chr16	1998	1999	2	68771290	68772315	-2.7351	-2.735080200841	0	No
chr16	2000	2062	63	68835569	90019657	-0.5361	-0.536122502834658	0	No
chr17	2063	2067	5	1566387	7517081	-0.6904	-0.69041822896666	0	No
chr17	2068	2088	21	7572915	11924319	-1.4987	-1.59876990435921	0.0476190476190476	No
chr17	2089	2196	108	11958202	37556933	-0.3671	-0.367111065787505	0	No
chr17	2197	2232	36	37856476	38512478	-1.3391	-1.33914898891349	0	No
chr17	2233	2287	55	39004742	48263009	-0.4393	-0.439321296960714	0	No
chr17	2288	2334	47	48263138	48276814	-1.5514	-1.55136115883323	0	No
chr17	2335	2337	3	48276916	48278874	-0.8692	-0.86917782962247	0	No
chr17	2338	2366	29	49501725	62006684	-0.1539	-0.153937701588622	0	No
chr17	2367	2371	5	62006793	62009621	-0.8883	-0.8883061544551	0	No
chr17	2372	2387	16	63000355	78704506	-0.2257	-0.225679730965555	0	No
chr17	2388	2418	31	78727809	81004896	-0.7382	-0.73819875944955	0	No
chr18	2419	2571	153	657595	78001560	-0.3384	-0.376065070368701	0.0130718954248366	No
chr19	2572	2704	131	1206909	15000326	-0.9947	-0.99470662237787	0	No
chr19	2705	2761	57	15271469	17955227	-1.8685	-1.86846200736085	0	No
chr19	2762	2850	89	18002497	58508541	-0.8299	-0.829914111332788	0.0112359550561798	No
chr2	2851	2874	24	1520851	25463319	-0.4311	-0.431060258987136	0	No
chr2	2875	2925	51	25463508	30143526	-0.8544	-0.854434232223652	0	No
chr2	2926	3009	84	31502410	96166489	-0.3247	-0.349133344652365	0	No
chr2	3010	3013	4	96808904	96811179	-2.0667	-2.06673629288189	0	No
chr2	3014	3194	179	97594053	223160376	-0.2653	-0.265307789073549	0	No
chr2	3195	3197	3	223161696	223520833	-1.4041	-1.40409302011218	0	No
chr2	3198	3245	48	223845890	241713663	-0.3742	-0.374234839705053	0	No
chr20	3246	3382	137	1515234	62339365	-0.6514	-0.651401161906368	0.0072992700729927	No
chr21	3383	3435	53	9518351	48028865	-0.4362	-0.436233423321028	0	No
chr22	3436	3495	56	17100915	29693939	-0.4828	-0.482784908033008	0	No
chr22	3496	3546	51	29694722	41523752	6.1182	6.11816230550328	0.156862745098039	No
chr22	3547	3585	39	41525893	42057448	7.4776	7.47755006819328	0.384615384615385	CNV
chr22	3586	3594	9	42059625	42526744	5.0388	5.03879616757683	0	No
chr22	3595	3600	6	43509830	51013000	7.4568	7.4568251789588	0.166666666666667	No
chr3	3601	3694	94	1511132	51033319	-0.2797	-0.299790994622334	0	No
chr3	3695	3716	22	52436302	52588895	-1.1019	-1.10189985729484	0	No
chr3	3717	3859	143	52595781	134644722	-0.2938	-0.293757838887906	0	No
chr3	3860	3865	6	134670212	134884918	-1.0391	-1.03914882846722	0	No
chr3	3866	3976	111	134885783	178952153	-0.247	-0.24702014121742	0	No
chr3	3977	3998	22	180004593	196502198	-0.6085	-0.608490444248902	0	No
chr4	3999	4017	19	891899	1808990	-1.5402	-1.54017271791135	0	No
chr4	4018	4194	177	3000563	123019575	-0.3292	-0.340320193866668	0	No
chr4	4195	4197	3	124317949	124320949	-1.4457	-1.44567685839189	0	No
chr4	4198	4257	60	124321122	190505274	-0.2915	-0.291494760196391	0	No
chr5	4258	4273	16	1253839	1295105	-1.2711	-1.2711280813805	0	No
chr5	4274	4516	243	1509431	125919704	-0.302	-0.320443837916372	0.00411522633744856	No
chr5	4517	4530	14	125928355	141018840	7.4714	7.47141365317526	0.428571428571429	CNV
chr5	4531	4579	49	141689991	149515442	6.2724	6.27238508566198	0.0816326530612245	No
chr5	4580	4610	31	149516538	175574121	7.4197	7.41965853031404	0.354838709677419	CNV
chr5	4611	4660	49	176516597	180076566	4.9805	4.85635512605204	0.142857142857143	No
chr6	4661	4686	26	1504063	31940288	-0.2211	-0.221139198752734	0	No
chr6	4687	4722	36	31940397	32191718	2.4895	2.48952153965594	0.75	CNV
chr6	4723	4738	16	32561092	40518146	7.8069	7.80689953950699	0.5	CNV
chr6	4739	4759	21	41533498	41909387	4.8484	4.84840036734514	0.142857142857143	No
chr6	4760	4889	130	42005400	99025435	7.4152	7.4152023980116	0.376923076923077	CNV
chr6	4890	4892	3	99282749	99284081	-3.2224	-3.22240889505014	0	No
chr6	4893	5080	188	100508840	169540958	-0.0907	-0.0907345280335339	0.00531914893617021	No
chr7	5081	5200	119	1558583	57259778	-0.69	-0.689973960269139	0	No
chr7	5201	5268	68	61864821	98498345	0.1519	0.151903075113823	0	No
chr7	5269	5412	144	98501000	128852293	-0.3573	-0.357344079439681	0	No
chr7	5413	5438	26	129004860	142561107	0.2024	0.202417015538597	0	No
chr7	5439	5453	15	142561369	142568658	-1.3405	-1.3404869872692	0	No
chr7	5454	5484	31	143140544	159033765	0.0938	0.0937751887599079	0	No
chr8	5485	5530	46	1512281	27255306	-0.3524	-0.352377648245123	0	No
chr8	5531	5566	36	27277408	29208185	-0.8075	-0.807496721535172	0	No
chr8	5567	5606	40	30027691	37501885	-0.1468	-0.146842089912307	0	No
chr8	5607	5626	20	37654786	38271323	-1.6562	-1.65617142085146	0	No
chr8	5627	5812	186	38271432	101648239	-0.3835	-0.399111108342048	0	No
chr8	5813	5814	2	101661501	101661742	-1.9449	-1.94487958481571	0	No
chr8	5815	5847	33	102014214	145514664	-0.28	-0.280008983937722	0	No
chr9	5848	6018	171	1520467	73254110	-0.4515	-0.451530685144312	0	No
chr9	6019	6022	4	73255475	73399195	6.5764	6.57638277557255	0.25	No
chr9	6023	6198	175	73399020	139232418	1.3667	1.36665613530782	0.0171428571428571	No
chr9	6199	6245	47	139233011	141005845	0.3303	0.330294409084021	0.0212765957446809	No
chrX	6246	6354	109	1314886	45037134	-1.0223	-1.02229656985754	0	No
chrX	6355	6376	22	46554655	48652571	-1.8662	-1.8661680850302	0	No
chrX	6377	6516	140	49590173	152861645	-1.0525	-1.05251652652087	0	No
chrX	6517	6520	4	152864419	154504458	-2.3843	-2.38432494951424	0.25	No
chrY	6521	6539	19	2654589	28514184	-0.9633	-0.963294453023197	0	No
