Chr	Target.Start	Target.End	NumberOfTargets	OriStCoordinate	OriEndCoordinate	CBS.Mean	LogRatios	Above.PValues.Cutoff	Calls
chr1	1	23	23	1509023	2436652	-1.278	-1.27795073886889	0	No
chr1	24	141	118	3003428	45286376	-0.5517	-0.551733742384273	0	No
chr1	142	159	18	45287937	45297469	-1.9487	-1.94866434150969	0	No
chr1	160	166	7	45297646	45797006	-0.7273	-0.727298253867583	0	No
chr1	167	181	15	45797091	45805926	-1.8491	-1.84906304630794	0	No
chr1	182	269	87	46505269	120075720	-0.215	-0.214963248617049	0	No
chr1	270	466	197	120457925	207014813	-0.7757	-0.775666524900423	0	No
chr1	467	507	41	208504198	249066375	-0.3743	-0.374318783270323	0	No
chr10	508	535	28	1500986	43507945	-0.2599	-0.25985652748548	0	No
chr10	536	547	12	43572691	43615194	-1.6665	-1.66651748487431	0.0833333333333333	No
chr10	548	699	152	43615525	135030859	-0.3809	-0.380948964612739	0	No
chr11	700	706	7	532632	534700	-1.6621	-1.66206930843271	0	No
chr11	707	734	28	1519615	32439211	0.0289	0.0288528044452913	0	No
chr11	735	737	3	32449498	32456892	-1.7795	-1.7795045406343	0	No
chr11	738	759	22	33001485	64538060	-0.0127	-0.0126795770451794	0	No
chr11	760	778	19	64571802	69466051	-1.0823	-1.08234481821063	0	No
chr11	779	994	216	70505019	133503064	-0.3106	-0.31062002726865	0	No
chr12	995	1219	224	1517277	120001303	-0.4579	-0.469738710972975	0	No
chr12	1220	1229	10	121416568	121438996	-1.8325	-1.83254522851272	0	No
chr12	1230	1237	8	121506127	133501787	-0.132	-0.132043471926859	0	No
chr13	1238	1414	176	19523290	78477495	-0.1421	-0.15454481711438	0	No
chr13	1415	1421	7	78477629	80915086	-0.941	-0.940972795686776	0	No
chr13	1422	1446	24	81006743	114011166	-0.2222	-0.222190291818853	0	No
chr14	1447	1580	134	19220934	103529627	-0.4608	-0.460845550084669	0	No
chr14	1581	1598	18	104165133	106509444	-1.6432	-1.64319798945781	0	No
chr15	1599	1612	14	20197852	27020775	0.3017	0.301726517686232	0	No
chr15	1613	1659	46	28563362	39910446	-0.6094	-0.609439515346956	0	No
chr15	1660	1669	10	40005644	40516429	0.0607	0.0606804465558002	0	No
chr15	1670	1689	19	41796193	41805907	-1.4756	-1.47556995783282	0.0526315789473684	No
chr15	1690	1802	113	42004959	102005997	-0.5745	-0.574498728780164	0.00884955752212389	No
chr16	1803	1815	13	1521625	2112602	-1.2022	-1.20220681963565	0	No
chr16	1816	1846	31	2112961	2607965	-2.0155	-2.01546019088823	0.032258064516129	No
chr16	1847	1997	151	2611450	67503911	-0.7957	-0.795724328250777	0	No
chr16	1998	1999	2	68771290	68772315	-2.8585	-2.85848564892675	0	No
chr16	2000	2062	63	68835569	90019657	-0.836	-0.835991147760144	0	No
chr17	2063	2068	6	1566387	7573017	0.1237	0.123710577179849	0	No
chr17	2069	2085	17	7573923	8113542	-1.2789	-1.27890516987873	0	No
chr17	2086	2196	111	9001358	37556933	-0.3199	-0.356789707036911	0.00900900900900901	No
chr17	2197	2232	36	37856476	38512478	-1.5095	-1.50951456618249	0	No
chr17	2233	2258	26	39004742	41197820	-0.5986	-0.598581074674741	0	No
chr17	2259	2287	29	41199638	48263009	-0.1666	-0.166630912319078	0	No
chr17	2288	2336	49	48263138	48277308	-1.2923	-1.29230373654115	0	No
chr17	2337	2364	28	48278771	60017706	0.0614	0.0613698968386284	0	No
chr17	2365	2371	7	61502440	62009621	-1.0766	-1.07659782341739	0	No
chr17	2372	2385	14	63000355	78617610	-0.1961	-0.196102864048084	0	No
chr17	2386	2418	33	78681640	81004896	-0.8949	-0.894924278679094	0	No
chr18	2419	2571	153	657595	78001560	-0.215	-0.248203862434968	0.0130718954248366	No
chr19	2572	2593	22	1206909	2208975	-1.3136	-1.31359432657636	0	No
chr19	2594	2608	15	2210398	2227126	-2.2019	-2.20189664830757	0	No
chr19	2610	2707	98	3014200	15276327	-0.9749	-0.974915588929141	0.0102040816326531	No
chr19	2708	2737	30	15276594	15311717	-1.9007	-1.90071415374738	0.0333333333333333	No
chr19	2738	2850	113	16514515	58508541	-1.0461	-1.07606971431098	0.00884955752212389	No
chr2	2851	2871	21	1520851	25458694	-0.6226	-0.622620887568917	0	No
chr2	2872	2894	23	25459804	25536853	-1.3697	-1.36965473509746	0	No
chr2	2895	3009	115	27020692	96166489	-0.5436	-0.555502036357466	0	No
chr2	3010	3013	4	96808904	96811179	-2.1652	-2.16517277060726	0	No
chr2	3014	3194	179	97594053	223160376	-0.2865	-0.295046220297385	0	No
chr2	3195	3197	3	223161696	223520833	-1.9876	-1.98759395449126	0	No
chr2	3198	3245	48	223845890	241713663	-0.3444	-0.344438315715886	0	No
chr20	3246	3382	137	1515234	62339365	-0.7557	-0.755697582484094	0.0072992700729927	No
chr21	3383	3435	53	9518351	48028865	-0.3552	-0.355235248661162	0	No
chr22	3436	3495	56	17100915	29693939	-0.568	-0.568018728772989	0	No
chr22	3496	3543	48	29694722	41489102	6.0315	6.03154205405876	0.166666666666667	No
chr22	3544	3585	42	41513190	42057448	7.4231	7.4231056172028	0.214285714285714	No
chr22	3586	3594	9	42059625	42526744	4.814	4.81399923083986	0	No
chr22	3595	3600	6	43509830	51013000	7.0645	7.06447754690204	0	No
chr3	3601	3694	94	1511132	51033319	-0.2803	-0.29761221966183	0	No
chr3	3695	3712	18	52436302	52525968	-1.3095	-1.30946410606605	0	No
chr3	3713	3851	139	52582077	124505365	-0.1207	-0.120665955990231	0	No
chr3	3852	3881	30	126006774	138121111	-0.5517	-0.551734622859715	0	No
chr3	3882	3998	117	139506660	196502198	-0.1782	-0.178217464974573	0	No
chr4	3999	4017	19	891899	1808990	-1.4593	-1.45934846475373	0	No
chr4	4018	4134	117	3000563	66021641	-0.2306	-0.230635732088682	0	No
chr4	4135	4257	123	66189828	190505274	-0.5719	-0.585072987050789	0	No
chr5	4258	4274	17	1253839	1509533	-1.1606	-1.1606333210963	0	No
chr5	4275	4335	61	3032465	39021239	-0.0688	-0.0688007932537201	0	No
chr5	4336	4337	2	39074184	39074504	-2.0801	-2.08005926354784	0	No
chr5	4338	4516	179	40505298	125919704	-0.1942	-0.205902598694127	0.00558659217877095	No
chr5	4517	4530	14	125928355	141018840	7.8975	7.89750495413442	0.642857142857143	CNV
chr5	4531	4580	50	141689991	149516640	6.294	6.29403934180815	0.08	No
chr5	4581	4610	30	150059635	175574121	7.7876	7.7875804528977	0.633333333333333	CNV
chr5	4611	4626	16	176516597	176524678	4.8884	4.88836558478255	0.125	No
chr5	4627	4633	6	177025824	180037026	6.9653	6.96529328065886	0.333333333333333	No
chr5	4634	4660	27	180038327	180076566	4.7367	4.53516167480669	0.185185185185185	No
chr6	4661	4686	26	1504063	31940288	-0.0382	-0.0382467726983406	0	No
chr6	4687	4724	37	31940397	32632050	2.9499	2.66288727698322	0.72972972972973	CNV
chr6	4725	4738	14	33490158	40518146	7.305	7.30496840580632	0.285714285714286	No
chr6	4739	4759	21	41533498	41909387	4.693	4.69302322243315	0.142857142857143	No
chr6	4760	4889	130	42005400	99025435	7.5565	7.55649374807133	0.507692307692308	CNV
chr6	4890	4892	3	99282749	99284081	-2.7859	-2.78590439564523	0	No
chr6	4893	4999	107	100508840	153012440	0.2422	0.242241476500887	0	No
chr6	5000	5080	81	153344479	169540958	-0.725	-0.724975525724662	0.0123456790123457	No
chr7	5081	5289	208	1558583	98545963	-0.3176	-0.341598153174595	0	No
chr7	5290	5355	66	98546187	100424652	-0.8342	-0.834246284022276	0	No
chr7	5356	5400	45	100652344	127526589	-0.1004	-0.100436474169694	0	No
chr7	5401	5412	12	128828989	128852293	-1.0945	-1.09448509591602	0	No
chr7	5413	5434	22	129004860	140550013	-0.0199	-0.0199326674861747	0	No
chr7	5435	5453	19	140624362	142568658	-1.1672	-1.16720688107605	0	No
chr7	5454	5484	31	143140544	159033765	-0.1564	-0.156375725176995	0	No
chr8	5485	5529	45	1512281	27000418	-0.1421	-0.142113160215107	0	No
chr8	5530	5566	37	27255098	29208185	-0.7785	-0.778523921136227	0	No
chr8	5567	5606	40	30027691	37501885	0.0719	0.0719494846951286	0	No
chr8	5607	5628	22	37654786	38271808	-1.4893	-1.48927270646132	0	No
chr8	5629	5639	11	38272060	38285958	-0.4255	-0.425495632811528	0	No
chr8	5640	5644	5	38287196	38678153	-1.2818	-1.28184193066956	0	No
chr8	5645	5847	203	38682825	145514664	-0.1865	-0.195528120158021	0	No
chr9	5848	5852	5	1520467	2047484	-1.6408	-1.64082039979524	0	No
chr9	5853	5945	93	2054596	21966081	-0.648	-0.648002819324795	0	No
chr9	5946	5966	21	21968041	30042089	-1.8469	-1.84691317490899	0	No
chr9	5967	5970	4	31512087	36010804	-0.47	-0.469950414490036	0	No
chr9	5971	5976	6	36840543	37002774	-1.6393	-1.63931991007537	0	No
chr9	5977	6018	42	37006450	73254110	-0.4258	-0.425846399058549	0	No
chr9	6019	6022	4	73255475	73399195	6.5358	6.5358057524046	0	No
chr9	6023	6195	171	73399020	139230558	1.287	1.28695212755913	0.0116959064327485	No
chr9	6196	6245	50	139231377	141005845	0.0397	0.0396598299700816	0.02	No
chrX	6246	6355	110	1314886	46554757	-0.747	-0.746973035751034	0	No
chrX	6356	6376	21	47422366	48652571	-1.6809	-1.68091529841644	0	No
chrX	6377	6513	137	49590173	152853912	-0.639	-0.638961890264756	0	No
chrX	6514	6520	7	152857963	154504458	-1.514	-1.51404256888159	0.142857142857143	No
chrY	6521	6539	19	2654589	28514184	-0.809	-0.809029579080013	0	No
