Chr	Target.Start	Target.End	NumberOfTargets	OriStCoordinate	OriEndCoordinate	CBS.Mean	LogRatios	Above.PValues.Cutoff	Calls
chr1	1	23	23	1509023	2436652	-1.4948	-1.49479155913896	0	No
chr1	24	141	118	3003428	45286376	-0.5902	-0.590233947477328	0	No
chr1	142	159	18	45287937	45297469	-1.965	-1.96498914404072	0	No
chr1	160	166	7	45297646	45797006	-0.8631	-0.863147573320111	0	No
chr1	167	181	15	45797091	45805926	-1.7618	-1.76184682389166	0	No
chr1	182	202	21	46505269	65304272	-0.1123	-0.112335008595724	0	No
chr1	203	220	18	65305285	65349158	-0.6157	-0.615658164445471	0	No
chr1	222	269	48	66049063	120075720	0.0092	0.00922321341538119	0	No
chr1	270	405	136	120457925	186011305	-0.7055	-0.705548448641313	0	No
chr1	406	445	40	187500252	205509450	-0.2549	-0.254939231861265	0	No
chr1	446	466	21	206646562	207014813	-1.5612	-1.56119524965163	0	No
chr1	467	507	41	208504198	249066375	-0.3173	-0.317291392212302	0	No
chr10	508	535	28	1500986	43507945	-0.1142	-0.199668205260456	0	No
chr10	536	548	13	43572691	43615652	-1.6868	-1.68682889634701	0	No
chr10	549	636	88	43617377	103503385	-0.1446	-0.161295978546091	0	No
chr10	637	646	10	104263906	104377186	-1.1901	-1.19014734159398	0	No
chr10	647	699	53	104386914	135030859	-0.3622	-0.36224797513771	0	No
chr11	700	706	7	532632	534700	-1.6777	-1.67768131091387	0	No
chr11	707	734	28	1519615	32439211	-0.1916	-0.191599325334114	0	No
chr11	735	737	3	32449498	32456892	-2.0381	-2.03814736002109	0	No
chr11	738	759	22	33001485	64538060	-0.2141	-0.214095997319273	0	No
chr11	760	768	9	64571802	64577582	-1.8557	-1.85568754831624	0	No
chr11	769	773	5	66055892	69034379	-0.793	-0.79295944636269	0	No
chr11	774	778	5	69456078	69466051	-1.7641	-1.7641434997605	0	No
chr11	779	828	50	70505019	100500139	-0.4453	-0.445339839790022	0	No
chr11	829	831	3	101981579	101985125	-1.6508	-1.65082369030572	0	No
chr11	832	994	163	102019166	133503064	-0.5487	-0.572749949897203	0	No
chr12	995	1108	113	1517277	52506102	-0.3559	-0.355926704933927	0	No
chr12	1109	1147	39	54019796	58145501	-0.8763	-0.876337623541986	0	No
chr12	1148	1219	72	58520015	120001303	-0.2689	-0.268938178225263	0	No
chr12	1220	1229	10	121416568	121438996	-1.9396	-1.93960279975375	0	No
chr12	1230	1237	8	121506127	133501787	-0.1482	-0.148157459471398	0	No
chr13	1238	1325	87	19523290	32890680	-0.5414	-0.567578920382229	0	No
chr13	1326	1414	89	32893210	78477495	-0.2005	-0.223544899258377	0	No
chr13	1415	1421	7	78477629	80915086	-1.0447	-1.04468044202608	0	No
chr13	1422	1446	24	81006743	114011166	-0.2102	-0.273593464889779	0	No
chr14	1447	1472	26	19220934	36012024	-0.3158	-0.315828995333513	0	No
chr14	1473	1475	3	36986479	36989345	-2.2948	-2.29481125859211	0	No
chr14	1476	1578	103	37500784	102568423	-0.2609	-0.260922541002508	0	No
chr14	1579	1598	20	102605583	106509444	-1.4728	-1.47277141328495	0	No
chr15	1599	1669	70	20197852	40516429	-0.2461	-0.246072349543571	0	No
chr15	1670	1689	20	41796193	41805907	-1.7399	-1.73986095816903	0.1	No
chr15	1690	1802	113	42004959	102005997	-0.5675	-0.567497814851019	0	No
chr16	1803	1805	3	1521625	2100493	-0.8309	-0.830869777426818	0	No
chr16	1806	1846	41	2103339	2607965	-1.8123	-1.81231204065198	0.024390243902439	No
chr16	1847	1908	62	2611450	11348389	-0.8864	-0.886354145342495	0	No
chr16	1909	1912	4	11348439	11349589	-2.3651	-2.36508081227094	0	No
chr16	1913	2062	150	12046213	90019657	-0.724	-0.724036388927439	0	No
chr17	2063	2068	6	1566387	7573017	-0.0455	-0.045453877126457	0	No
chr17	2069	2088	20	7573923	11924319	-1.215	-1.21504372448398	0.05	No
chr17	2089	2196	108	11958202	37556933	-0.2571	-0.25709599517313	0	No
chr17	2197	2232	36	37856476	38512478	-1.6798	-1.67979879003538	0	No
chr17	2233	2287	55	39004742	48263009	-0.2785	-0.278504089598759	0	No
chr17	2288	2337	50	48263138	48278874	-1.5281	-1.52814100537396	0	No
chr17	2338	2364	27	49501725	60017706	0.1951	0.19514606683698	0	No
chr17	2365	2371	7	61502440	62009621	-1.0888	-1.08881640228468	0	No
chr17	2372	2385	14	63000355	78617610	-0.1648	-0.164812878454405	0	No
chr17	2386	2418	33	78681640	81004896	-0.9716	-0.971629712547328	0	No
chr18	2419	2571	153	657595	78001560	-0.1964	-0.235839379693292	0.0130718954248366	No
chr19	2572	2761	189	1206909	17955227	-1.4346	-1.43460963937909	0.0105820105820106	No
chr19	2762	2789	28	18002497	39026094	-0.482	-0.481954287969604	0.0357142857142857	No
chr19	2790	2850	61	40502983	58508541	-1.2387	-1.23868213415677	0	No
chr2	2851	2869	19	1520851	24024744	-0.3007	-0.300654432362994	0	No
chr2	2870	2925	56	25457147	30143526	-1.0341	-1.03414134036309	0	No
chr2	2926	3009	84	31502410	96166489	-0.24	-0.25943866117342	0	No
chr2	3010	3013	4	96808904	96811179	-2.2046	-2.20464098097049	0	No
chr2	3014	3194	179	97594053	223160376	-0.177	-0.200601572602118	0	No
chr2	3195	3197	3	223161696	223520833	-2.0715	-2.07151176498301	0	No
chr2	3198	3245	48	223845890	241713663	-0.2978	-0.297769354285659	0	No
chr20	3246	3285	40	1515234	39658132	-0.8559	-0.855886768010123	0	No
chr20	3286	3304	19	39690030	39751938	-0.0533	-0.0532501436609275	0	No
chr20	3305	3336	32	39766281	39803149	-1.2368	-1.23675464238794	0	No
chr20	3337	3356	20	40502839	57003537	0.0322	0.0322046789000954	0	No
chr20	3357	3358	2	57415158	57430389	-2.099	-2.09898809266566	0	No
chr20	3359	3364	6	57466778	57480536	-0.1703	-0.170319975240756	0	No
chr20	3365	3369	5	57484192	57485137	-0.9661	-0.966093678945765	0	No
chr20	3370	3374	5	57485370	61502419	-0.201	-0.200952806941152	0	No
chr20	3375	3382	8	62331794	62339365	-1.7328	-1.73279339784583	0	No
chr21	3383	3435	53	9518351	48028865	-0.3991	-0.399107753584371	0	No
chr22	3436	3495	56	17100915	29693939	-0.6001	-0.600147186351112	0	No
chr22	3496	3546	51	29694722	41523752	6.2607	6.26065418358089	0.313725490196078	No
chr22	3547	3585	39	41525893	42057448	7.8914	7.89140649736549	0.769230769230769	CNV
chr22	3586	3594	9	42059625	42526744	5.1298	5.12976322450074	0	No
chr22	3595	3600	6	43509830	51013000	7.2977	7.29767274781932	0.333333333333333	No
chr3	3601	3694	94	1511132	51033319	-0.2956	-0.315221632076658	0	No
chr3	3695	3712	18	52436302	52525968	-1.4852	-1.4851911164873	0	No
chr3	3713	3851	139	52582077	124505365	-0.0966	-0.0966208669607011	0	No
chr3	3852	3881	30	126006774	138121111	-0.5907	-0.590653042291648	0	No
chr3	3882	3982	101	139506660	186039231	-0.0892	-0.0891616737401657	0	No
chr3	3983	3990	8	187440245	187451481	-1.0513	-1.0512753181644	0	No
chr3	3991	3998	8	187500946	196502198	-0.2509	-0.250871217047374	0	No
chr4	3999	4017	19	891899	1808990	-1.7616	-1.76164687027447	0	No
chr4	4018	4200	183	3000563	124503573	-0.3555	-0.35547936041322	0	No
chr4	4201	4257	57	126010224	190505274	-0.1265	-0.126530051813275	0	No
chr5	4258	4273	16	1253839	1295105	-1.5786	-1.57857437366848	0	No
chr5	4274	4335	62	1509431	39021239	-0.057	-0.0570272984030859	0	No
chr5	4336	4337	2	39074184	39074504	-2.3867	-2.38666340988329	0	No
chr5	4338	4516	179	40505298	125919704	-0.1019	-0.129658587494415	0.00558659217877095	No
chr5	4517	4530	14	125928355	141018840	7.8401	7.84014675602376	0.785714285714286	CNV
chr5	4531	4535	5	141689991	141706020	5.7492	5.74915586265212	0	No
chr5	4536	4539	4	142504977	147014180	8.5356	8.5355730881806	1	CNV
chr5	4540	4580	41	148520008	149516640	6.2274	6.22736216361874	0.0487804878048781	No
chr5	4581	4610	30	150059635	175574121	8.0231	8.02305121661657	0.933333333333333	CNV
chr5	4611	4626	16	176516597	176524678	4.9722	4.97222808577825	0.125	No
chr5	4627	4629	3	177025824	180008109	7.9993	7.99930368645099	1	CNV
chr5	4630	4660	30	180030188	180076566	4.837	4.65121095244893	0.166666666666667	No
chr6	4661	4686	26	1504063	31940288	-0.5756	-0.575563561745679	0	No
chr6	4687	4722	36	31940397	32191718	3.0151	3.01505687724022	0.75	CNV
chr6	4724	4738	15	32631948	40518146	7.4262	7.42621284306898	0.333333333333333	No
chr6	4739	4767	29	41533498	44233500	5.152	5.15196613145159	0.241379310344828	No
chr6	4768	4798	31	45003214	51768525	7.9305	7.9304955843143	0.838709677419355	CNV
chr6	4799	4832	34	51768783	51935868	7.394	7.39399713835203	0.558823529411765	CNV
chr6	4833	4889	57	51936912	99025435	8.1022	8.1022234142468	0.947368421052632	CNV
chr6	4890	4892	3	99282749	99284081	-2.7558	-2.75578247384773	0	No
chr6	4893	5001	109	100508840	156004394	0.2303	0.230274561053198	0	No
chr6	5002	5073	72	157099063	160526116	-0.3316	-0.331647945499816	0.0138888888888889	No
chr6	5074	5080	7	160670231	169540958	0.2578	0.25783189218258	0	No
chr7	5081	5159	78	1558583	50358727	-0.6512	-0.651245421118964	0	No
chr7	5160	5198	39	50367230	55273311	-1.1505	-1.15049052394083	0	No
chr7	5199	5270	72	55510104	98503889	-0.3182	-0.318200638816131	0	No
chr7	5271	5355	85	98506349	100424652	-0.9859	-0.985879474956422	0	No
chr7	5356	5400	45	100652344	127526589	-0.2448	-0.244800998246327	0	No
chr7	5401	5412	12	128828989	128852293	-1.5306	-1.53057418080644	0	No
chr7	5413	5434	22	129004860	140550013	-0.1616	-0.161619622419363	0	No
chr7	5435	5453	19	140624362	142568658	-1.7188	-1.7188328259915	0	No
chr7	5454	5484	31	143140544	159033765	-0.3852	-0.385233872168433	0	No
chr8	5485	5529	45	1512281	27000418	-0.2481	-0.248071137311327	0	No
chr8	5530	5566	37	27255098	29208185	-1.1369	-1.13687024254681	0	No
chr8	5567	5606	40	30027691	37501885	-0.1233	-0.123347412492718	0	No
chr8	5607	5644	38	37654786	38678153	-1.5991	-1.59911265565866	0	No
chr8	5645	5812	168	38682825	101648239	-0.3572	-0.36749895678483	0	No
chr8	5813	5814	2	101661501	101661742	-2.0473	-2.04731407462769	0	No
chr8	5815	5847	33	102014214	145514664	-0.4199	-0.419906498374939	0	No
chr9	5848	5955	108	1520467	21993460	-0.5153	-0.515324228443878	0	No
chr9	5956	5960	5	21994134	22008952	-2.0128	-2.01276786969481	0	No
chr9	5961	5970	10	22513807	36010804	-0.3583	-0.358343888137206	0	No
chr9	5971	5976	6	36840543	37002774	-1.6272	-1.62720969568315	0	No
chr9	5977	6018	42	37006450	73254110	-0.3551	-0.355071591246872	0	No
chr9	6019	6022	4	73255475	73399195	7.132	7.13201109565464	0.75	CNV
chr9	6023	6192	169	73399020	138001135	1.5039	1.50390022334734	0.0236686390532544	No
chr9	6194	6242	49	139228903	139440257	-0.0402	-0.0402084850052234	0.0204081632653061	No
chr9	6243	6245	3	139552679	141005845	1.3563	1.35630528892743	0	No
chrX	6246	6355	110	1314886	46554757	-0.6716	-0.671638895649057	0	No
chrX	6356	6376	21	47422366	48652571	-1.8085	-1.80850929451645	0	No
chrX	6377	6513	137	49590173	152853912	-0.5996	-0.599612908603619	0	No
chrX	6514	6520	7	152857963	154504458	-1.7457	-1.74567945589536	0.142857142857143	No
chrY	6521	6539	19	2654589	28514184	-0.4741	-0.474123346635001	0	No
