Chr	Target.Start	Target.End	NumberOfTargets	OriStCoordinate	OriEndCoordinate	CBS.Mean	LogRatios	Above.PValues.Cutoff	Calls
chr1	1	23	23	1509023	2436652	-1.3224	-1.32244277361644	0	No
chr1	24	141	118	3003428	45286376	-0.575	-0.59377538829226	0	No
chr1	142	181	40	45287937	45805926	-1.5638	-1.56380654677425	0	No
chr1	182	332	150	46505269	156851435	-0.4286	-0.446143796536697	0	No
chr1	333	445	113	157520392	205509450	-0.059	-0.0810774296543443	0.00884955752212389	No
chr1	446	464	19	206646562	206667338	-0.6394	-0.63941955138013	0	No
chr1	465	507	43	206669409	249066375	0.0786	0.0786240893803189	0	No
chr10	508	535	28	1500986	43507945	-0.5787	-0.578714177866482	0	No
chr10	536	547	12	43572691	43615194	-2.0642	-2.0642351676088	0	No
chr10	548	699	152	43615525	135030859	-0.5609	-0.572568824638718	0	No
chr11	700	706	7	532632	534700	-1.4626	-1.46256544602292	0	No
chr11	707	734	28	1519615	32439211	-0.3104	-0.310444771358186	0	No
chr11	735	737	3	32449498	32456892	-2.27	-2.26996960305905	0	No
chr11	738	759	22	33001485	64538060	-0.2471	-0.247124649863857	0	No
chr11	760	778	19	64571802	69466051	-1.1518	-1.15176212736065	0	No
chr11	779	828	50	70505019	100500139	-0.3879	-0.38791973487046	0	No
chr11	829	831	3	101981579	101985125	-1.7079	-1.70791014760646	0	No
chr11	832	994	163	102019166	133503064	-0.3846	-0.407618696451495	0	No
chr12	995	1179	184	1517277	88503287	-0.3731	-0.373066114541396	0	No
chr12	1180	1183	4	89741049	89747048	-1.2322	-1.92911235491048	0	No
chr12	1184	1219	36	90009842	120001303	-0.2194	-0.279762179125281	0	No
chr12	1220	1229	10	121416568	121438996	-1.4746	-1.4746175117281	0	No
chr12	1230	1237	8	121506127	133501787	-0.1107	-0.110737408526378	0	No
chr13	1238	1417	179	19523290	79504923	-0.3168	-0.339167655705449	0	No
chr13	1418	1420	3	80910110	80914243	-1.6242	-1.62420723439291	0	No
chr13	1421	1446	25	80914756	114011166	-0.3223	-0.385514486704641	0	No
chr14	1447	1450	4	19220934	19264646	0.0285	0.028473686853401	0	No
chr14	1451	1459	9	20224331	20400650	0.9146	0.914627211475611	0.555555555555556	CNV
chr14	1460	1472	13	21014709	36012024	-0.4051	-0.405096588720613	0	No
chr14	1473	1475	3	36986479	36989345	-2.8729	-2.87290400102355	0	No
chr14	1476	1578	103	37500784	102568423	-0.3781	-0.394299791753767	0	No
chr14	1579	1598	20	102605583	106509444	-1.2642	-1.26420330324559	0	No
chr15	1599	1669	70	20197852	40516429	-0.392	-0.46529156312669	0	No
chr15	1670	1682	13	41796193	41801327	-1.0476	-1.04762609353346	0	No
chr15	1683	1688	6	41803361	41805318	-2.6601	-2.66008868404366	0.333333333333333	No
chr15	1689	1802	114	41805864	102005997	-0.5341	-0.534078358723847	0	No
chr16	1803	1846	44	1521625	2607965	-1.1804	-1.24051330596726	0.0227272727272727	No
chr16	1847	1941	95	2611450	30010987	-0.5673	-0.592467382794293	0	No
chr16	1942	1943	2	31072385	31075781	-2.1896	-2.18963325652794	0	No
chr16	1944	2062	119	31195528	90019657	-0.445	-0.480202360551987	0	No
chr17	2063	2073	11	1566387	7578290	-0.3841	-0.38410688629172	0	No
chr17	2074	2082	9	7578367	8110685	-1.298	-1.29798966364644	0	No
chr17	2083	2088	6	8110888	11924319	-0.5333	-1.20971480566944	0.166666666666667	No
chr17	2089	2116	28	11958202	29497016	-0.1296	-0.129561810237707	0	No
chr17	2117	2171	55	29508421	30469748	-0.7839	-0.783864810055278	0	No
chr17	2172	2196	25	30498061	37556933	0.2194	0.219395375483302	0	No
chr17	2197	2232	36	37856476	38512478	-0.9167	-0.916713863982953	0	No
chr17	2233	2286	54	39004742	48020737	0.021	-0.0931451673413833	0	No
chr17	2287	2337	51	48262862	48278874	-0.9826	-0.982562572819241	0	No
chr17	2338	2365	28	49501725	61502542	0.2158	0.215811916479688	0	No
chr17	2366	2371	6	62006585	62009621	-0.558	-0.557955265275145	0	No
chr17	2372	2418	47	63000355	81004896	0.1681	0.168084576815332	0	No
chr18	2419	2571	153	657595	78001560	-0.3924	-0.428040233052	0.0130718954248366	No
chr19	2572	2710	138	1206909	15280988	-1.1589	-1.1812940848531	0.0072463768115942	No
chr19	2711	2743	33	15281138	17942608	-1.9645	-1.96453274790798	0.0303030303030303	No
chr19	2744	2761	18	17943324	17955227	-1.3962	-1.39620070297534	0	No
chr19	2762	2805	44	18002497	42381453	-0.5836	-0.664741555743103	0.0227272727272727	No
chr19	2806	2824	19	42383059	45864900	-1.0895	-1.08946296459308	0	No
chr19	2825	2829	5	45866999	45868212	-2.6585	-2.65850503040809	0	No
chr19	2830	2850	21	45868298	58508541	-0.9675	-0.967472929136714	0	No
chr2	2851	2871	21	1520851	25458694	-0.1037	-0.103748376135088	0	No
chr2	2872	2925	54	25459804	30143526	-0.5305	-0.530499156435774	0	No
chr2	2926	3009	84	31502410	96166489	-0.0622	-0.0836575383216168	0	No
chr2	3010	3013	4	96808904	96811179	-1.1256	-1.75192579615849	0	No
chr2	3014	3194	179	97594053	223160376	-0.0018	-0.0241066281713134	0	No
chr2	3195	3197	3	223161696	223520833	-1.6392	-1.63924649928809	0	No
chr2	3198	3245	48	223845890	241713663	-0.1105	-0.110458172278793	0	No
chr20	3246	3382	137	1515234	62339365	-0.7352	-0.747890702052923	0.0072992700729927	No
chr21	3383	3435	53	9518351	48028865	-0.4404	-0.440407865972087	0	No
chr22	3436	3495	56	17100915	29693939	-0.1636	-0.163618946063925	0	No
chr22	3496	3546	51	29694722	41523752	6.4664	6.46639944688552	0.392156862745098	CNV
chr22	3547	3585	39	41525893	42057448	7.7652	7.76524179305505	0.743589743589744	CNV
chr22	3586	3594	9	42059625	42526744	5.6277	5.62774761394601	0	No
chr22	3595	3600	6	43509830	51013000	7.5071	7.50710636775279	0.333333333333333	No
chr3	3601	3694	94	1511132	51033319	-0.4193	-0.447076946106749	0	No
chr3	3695	3716	22	52436302	52588895	-1.1678	-1.16781373413564	0	No
chr3	3717	3855	139	52595781	130508345	-0.3587	-0.358735629767557	0	No
chr3	3856	3865	10	132003546	134884918	-0.8192	-0.819226867961137	0	No
chr3	3866	3977	112	134885783	180004694	-0.3538	-0.35380859395427	0	No
chr3	3978	3998	21	181430148	196502198	-0.6399	-0.639939794978083	0	No
chr4	3999	4017	19	891899	1808990	-1.6949	-1.69493521096368	0	No
chr4	4018	4133	116	3000563	64502957	-0.3745	-0.37453331504712	0	No
chr4	4134	4153	20	66021539	67503086	-1.5015	-1.66818913162991	0	No
chr4	4154	4257	104	69025814	190505274	-0.3688	-0.368832312159439	0	No
chr5	4258	4273	16	1253839	1295105	-1.4215	-1.42146621293762	0	No
chr5	4274	4335	62	1509431	39021239	-0.3154	-0.315376664779394	0	No
chr5	4336	4337	2	39074184	39074504	-2.2798	-2.2797709487345	0	No
chr5	4338	4516	179	40505298	125919704	-0.3593	-0.392854678855565	0.00558659217877095	No
chr5	4517	4530	14	125928355	141018840	7.329	7.3289808634453	0.642857142857143	CNV
chr5	4531	4580	50	141689991	149516640	6.0504	6.05042828432974	0.06	No
chr5	4581	4610	30	150059635	175574121	7.267	7.26695574649648	0.4	CNV
chr5	4611	4660	49	176516597	180076566	4.9617	4.84255319793991	0.183673469387755	No
chr6	4661	4683	23	1504063	27021130	-0.1592	-0.159190334096454	0	No
chr6	4684	4687	4	31938951	31940534	-1.9516	-1.95155575405084	0.25	No
chr6	4688	4722	35	31946679	32191718	2.4519	2.4518692658859	0.742857142857143	CNV
chr6	4723	4738	16	32561092	40518146	7.2969	7.2968520892174	0.375	CNV
chr6	4739	4759	21	41533498	41909387	4.8475	4.8474702057219	0.142857142857143	No
chr6	4760	4889	130	42005400	99025435	7.2999	7.29987628645605	0.523076923076923	CNV
chr6	4890	4892	3	99282749	99284081	-3.3703	-3.37025917573762	0	No
chr6	4893	5080	187	100508840	169540958	-0.1564	-0.156395886260514	0	No
chr7	5081	5191	110	1558583	55259568	-0.628	-0.653015270485903	0	No
chr7	5192	5270	79	55260444	98503889	-0.3314	-0.35203614530432	0	No
chr7	5271	5347	77	98506349	100411643	-0.7364	-0.736430434967722	0	No
chr7	5348	5353	6	100414813	100421553	-1.7976	-1.7976320057264	0	No
chr7	5354	5400	47	100421824	127526589	-0.3778	-0.377784101643815	0	No
chr7	5401	5412	12	128828989	128852293	-1.6727	-1.67265402384173	0	No
chr7	5413	5438	26	129004860	142561107	-0.6283	-0.74649226915339	0	No
chr7	5439	5453	15	142561369	142568658	-1.7955	-1.79549260492174	0	No
chr7	5454	5484	31	143140544	159033765	-0.6896	-0.689629500837766	0	No
chr8	5485	5606	122	1512281	37501885	-0.208	-0.208032805536385	0	No
chr8	5607	5627	21	37654786	38271542	-1.3566	-1.35658918568678	0	No
chr8	5628	5812	185	38271666	101648239	-0.192	-0.207631831340015	0	No
chr8	5813	5814	2	101661501	101661742	-1.6485	-1.64853492732116	0	No
chr8	5815	5847	33	102014214	145514664	-0.1434	-0.14339221156064	0	No
chr9	5848	6018	171	1520467	73254110	-0.3553	-0.355313884321823	0	No
chr9	6019	6022	4	73255475	73399195	6.7491	6.74914778808081	0.5	CNV
chr9	6023	6195	171	73399020	139230558	1.2791	1.27914431893351	0	No
chr9	6196	6245	50	139231377	141005845	0.1958	0.195816656687666	0.02	No
chrX	6246	6355	110	1314886	46554757	-1.1604	-1.18471081944406	0	No
chrX	6356	6376	21	47422366	48652571	-1.8924	-1.89237924773535	0	No
chrX	6377	6520	144	49590173	154504458	-1.1777	-1.17765987870737	0.00694444444444444	No
chrY	6521	6539	19	2654589	28514184	-1.4522	-1.45219246970786	0	No
